0.1 -15.3 1.04
1.33 0.3 0.594
2.55 2.45 0.983
3.78 2.75 0.998
5 2.27 1.11
6.22 1.35 0.398
7.45 0.157 0.535
8.68 -1.23 0.968
9.9 -2.75 0.478


0.0455556 -20.6995 -22.0019 -19.3971
0.154444 -12.3838 -13.1714 -11.5962
0.263333 -8.87179 -9.4344 -8.30918
0.372222 -6.6703 -7.08699 -6.25361
0.481111 -5.09406 -5.40255 -4.78556
0.59 -3.88532 -4.10779 -3.66285
0.698889 -2.91878 -3.06984 -2.76773
0.807778 -2.124 -2.214 -2.03399
0.916667 -1.45738 -1.49406 -1.42069
1.02556 -0.890074 -0.879434 -0.900714
1.13444 -0.402009 -0.348822 -0.455196
1.24333 0.0213684 0.1132 -0.0704628
1.35222 0.390934 0.518164 0.263705
1.46111 0.715033 0.874917 0.555149
1.57 1.00021 1.1904 0.810016
1.67889 1.25168 1.47015 1.03322
1.78778 1.4737 1.71866 1.22873
1.89667 1.66973 1.93962 1.39984
2.00556 1.8427 2.13612 1.54927
2.11444 1.99503 2.31075 1.67931
2.22333 2.1288 2.46569 1.79191
2.33222 2.24579 2.60284 1.88874
2.44111 2.34753 2.72382 1.97123
2.55 2.43534 2.83004 2.04065
2.65889 2.51041 2.92273 2.09808
2.76778 2.57374 3.00298 2.14449
2.87667 2.62624 3.07176 2.18072
2.98556 2.66872 3.12991 2.20754
3.09444 2.70191 3.17819 2.22562
3.20333 2.72643 3.2173 2.23556
3.31222 2.74287 3.24783 2.2379
3.42111 2.75175 3.27035 2.23315
3.53 2.75355 3.28536 2.22174
3.63889 2.7487 3.29332 2.20408
3.74778 2.73758 3.29464 2.18053
3.85667 2.72057 3.2897 2.15144
3.96556 2.69798 3.27885 2.11711
4.07444 2.67011 3.26241 2.07782
4.18333 2.63726 3.24067 2.03385
4.29222 2.59967 3.21391 1.98542
4.40111 2.55758 3.18238 1.93277
4.51 2.51121 3.14632 1.87609
4.61889 2.46076 3.10593 1.81559
4.72778 2.40643 3.06143 1.75143
4.83667 2.34839 3.01299 1.68379
4.94556 2.28681 2.96079 1.61282
5.05444 2.22183 2.905 1.53867
5.16333 2.15362 2.84577 1.46146
5.27222 2.08229 2.78325 1.38134
5.38111 2.00799 2.71756 1.29841
5.49 1.93082 2.64884 1.2128
5.59889 1.8509 2.5772 1.12459
5.70778 1.76833 2.50276 1.03391
5.81667 1.68323 2.42562 0.940835
5.92556 1.59567 2.34588 0.845458
6.03444 1.50575 2.26364 0.747863
6.14333 1.41356 2.17899 0.648129
6.25222 1.31917 2.09201 0.546331
6.36111 1.22266 2.00278 0.442541
6.47 1.1241 1.91138 0.336827
6.57889 1.02356 1.81787 0.229252
6.68778 0.921111 1.72234 0.119878
6.79667 0.816805 1.62485 0.0087624
6.90556 0.710705 1.52545 -0.104039
7.01444 0.602867 1.42421 -0.218473
7.12333 0.493345 1.32118 -0.33449
7.23222 0.38219 1.21642 -0.452042
7.34111 0.26945 1.10998 -0.571083
7.45 0.155172 1.00191 -0.691569
7.55889 0.0394015 0.892261 -0.813458
7.66778 -0.0778198 0.78107 -0.93671
7.77667 -0.196451 0.668385 -1.06129
7.88556 -0.316452 0.554246 -1.18715
7.99444 -0.437786 0.438695 -1.31427
8.10333 -0.560417 0.321768 -1.4426
8.21222 -0.68431 0.203503 -1.57212
8.32111 -0.809431 0.0839354 -1.7028
8.43 -0.93575 -0.0369014 -1.8346
8.53889 -1.06323 -0.158975 -1.96749
8.64778 -1.19186 -0.282253 -2.10146
8.75667 -1.32159 -0.406707 -2.23646
8.86556 -1.4524 -0.532307 -2.37249
8.97444 -1.58426 -0.659024 -2.5095
9.08333 -1.71715 -0.786833 -2.64748
9.19222 -1.85105 -0.915707 -2.7864
9.30111 -1.98593 -1.04562 -2.92624
9.41 -2.12177 -1.17655 -3.06699
9.51889 -2.25854 -1.30847 -3.20861
9.62778 -2.39623 -1.44136 -3.35109
9.73667 -2.53481 -1.5752 -3.49442
9.84556 -2.67427 -1.70997 -3.63856
9.95444 -2.81458 -1.84564 -3.78351


0.0455556 -20.6995 -20.2013 -21.1977
0.154444 -12.3838 -11.8857 -12.882
0.263333 -8.87179 -8.37361 -9.36997
0.372222 -6.6703 -6.17212 -7.16847
0.481111 -5.09406 -4.59588 -5.59223
0.59 -3.88532 -3.38714 -4.3835
0.698889 -2.91878 -2.42061 -3.41696
0.807778 -2.124 -1.62582 -2.62217
0.916667 -1.45738 -0.959199 -1.95555
1.02556 -0.890074 -0.391898 -1.38825
1.13444 -0.402009 0.0961674 -0.900185
1.24333 0.0213684 0.519545 -0.476808
1.35222 0.390934 0.889111 -0.107242
1.46111 0.715033 1.21321 0.216857
1.57 1.00021 1.49838 0.502031
1.67889 1.25168 1.74986 0.753506
1.78778 1.4737 1.97187 0.975519
1.89667 1.66973 2.16791 1.17156
2.00556 1.8427 2.34087 1.34452
2.11444 1.99503 2.49321 1.49685
2.22333 2.1288 2.62698 1.63063
2.33222 2.24579 2.74397 1.74761
2.44111 2.34753 2.8457 1.84935
2.55 2.43534 2.93352 1.93717
2.65889 2.51041 3.00858 2.01223
2.76778 2.57374 3.07191 2.07556
2.87667 2.62624 3.12442 2.12806
2.98556 2.66872 3.1669 2.17055
3.09444 2.70191 3.20008 2.20373
3.20333 2.72643 3.2246 2.22825
3.31222 2.74287 3.24104 2.24469
3.42111 2.75175 3.24993 2.25357
3.53 2.75355 3.25173 2.25537
3.63889 2.7487 3.24687 2.25052
3.74778 2.73758 3.23576 2.23941
3.85667 2.72057 3.21874 2.22239
3.96556 2.69798 3.19615 2.1998
4.07444 2.67011 3.16829 2.17194
4.18333 2.63726 3.13544 2.13908
4.29222 2.59967 3.09784 2.10149
4.40111 2.55758 3.05575 2.0594
4.51 2.51121 3.00938 2.01303
4.61889 2.46076 2.95894 1.96258
4.72778 2.40643 2.9046 1.90825
4.83667 2.34839 2.84656 1.85021
4.94556 2.28681 2.78498 1.78863
5.05444 2.22183 2.72001 1.72366
5.16333 2.15362 2.65179 1.65544
5.27222 2.08229 2.58047 1.58412
5.38111 2.00799 2.50616 1.50981
5.49 1.93082 2.42899 1.43264
5.59889 1.8509 2.34907 1.35272
5.70778 1.76833 2.26651 1.27016
5.81667 1.68323 2.1814 1.18505
5.92556 1.59567 2.09385 1.09749
6.03444 1.50575 2.00393 1.00758
6.14333 1.41356 1.91173 0.915382
6.25222 1.31917 1.81735 0.820992
6.36111 1.22266 1.72084 0.724483
6.47 1.1241 1.62228 0.625925
6.57889 1.02356 1.52174 0.525387
6.68778 0.921111 1.41929 0.422934
6.79667 0.816805 1.31498 0.318629
6.90556 0.710705 1.20888 0.212529
7.01444 0.602867 1.10104 0.104691
7.12333 0.493345 0.991522 -0.00483102
7.23222 0.38219 0.880366 -0.115986
7.34111 0.26945 0.767626 -0.228726
7.45 0.155172 0.653349 -0.343004
7.55889 0.0394015 0.537578 -0.458775
7.66778 -0.0778198 0.420357 -0.575996
7.77667 -0.196451 0.301726 -0.694627
7.88556 -0.316452 0.181724 -0.814628
7.99444 -0.437786 0.0603903 -0.935962
8.10333 -0.560417 -0.0622404 -1.05859
8.21222 -0.68431 -0.186133 -1.18249
8.32111 -0.809431 -0.311255 -1.30761
8.43 -0.93575 -0.437574 -1.43393
8.53889 -1.06323 -0.565058 -1.56141
8.64778 -1.19186 -0.69368 -1.69003
8.75667 -1.32159 -0.823409 -1.81976
8.86556 -1.4524 -0.95422 -1.95057
8.97444 -1.58426 -1.08608 -2.08244
9.08333 -1.71715 -1.21898 -2.21533
9.19222 -1.85105 -1.35288 -2.34923
9.30111 -1.98593 -1.48776 -2.48411
9.41 -2.12177 -1.62359 -2.61994
9.51889 -2.25854 -1.76036 -2.75672
9.62778 -2.39623 -1.89805 -2.8944
9.73667 -2.53481 -2.03663 -3.03299
9.84556 -2.67427 -2.17609 -3.17244
9.95444 -2.81458 -2.3164 -3.31275


0.0455556 -20.6995 -20.6929 -20.7061
0.154444 -12.3838 -12.3615 -12.4061
0.263333 -8.87179 -8.83379 -8.90979
0.372222 -6.6703 -6.61659 -6.724
0.481111 -5.09406 -5.02464 -5.16348
0.59 -3.88532 -3.80019 -3.97045
0.698889 -2.91878 -2.81794 -3.01963
0.807778 -2.124 -2.00744 -2.24055
0.916667 -1.45738 -1.32511 -1.58964
1.02556 -0.890074 -0.742096 -1.03805
1.13444 -0.402009 -0.238319 -0.565699
1.24333 0.0213684 0.20077 -0.158033
1.35222 0.390934 0.586048 0.195821
1.46111 0.715033 0.925858 0.504208
1.57 1.00021 1.22674 0.773671
1.67889 1.25168 1.49393 1.00943
1.78778 1.4737 1.73166 1.21574
1.89667 1.66973 1.9434 1.39606
2.00556 1.8427 2.13208 1.55331
2.11444 1.99503 2.30012 1.68993
2.22333 2.1288 2.44961 1.808
2.33222 2.24579 2.58231 1.90927
2.44111 2.34753 2.69976 1.9953
2.55 2.43534 2.80329 2.0674
2.65889 2.51041 2.89406 2.12675
2.76778 2.57374 2.9731 2.17437
2.87667 2.62624 3.04132 2.21116
2.98556 2.66872 3.09951 2.23794
3.09444 2.70191 3.14841 2.25541
3.20333 2.72643 3.18864 2.26421
3.31222 2.74287 3.22079 2.26494
3.42111 2.75175 3.24539 2.25812
3.53 2.75355 3.2629 2.2442
3.63889 2.7487 3.27376 2.22364
3.74778 2.73758 3.27835 2.19681
3.85667 2.72057 3.27705 2.16408
3.96556 2.69798 3.27017 2.12578
4.07444 2.67011 3.25802 2.08221
4.18333 2.63726 3.24088 2.03364
4.29222 2.59967 3.219 1.98034
4.40111 2.55758 3.19262 1.92254
4.51 2.51121 3.16196 1.86045
4.61889 2.46076 3.12722 1.7943
4.72778 2.40643 3.0886 1.72425
4.83667 2.34839 3.04628 1.6505
4.94556 2.28681 3.0004 1.57321
5.05444 2.22183 2.95114 1.49252
5.16333 2.15362 2.89864 1.4086
5.27222 2.08229 2.84303 1.32156
5.38111 2.00799 2.78443 1.23154
5.49 1.93082 2.72297 1.13866
5.59889 1.8509 2.65877 1.04303
5.70778 1.76833 2.59191 0.944753
5.81667 1.68323 2.52252 0.843934
5.92556 1.59567 2.45067 0.740666
6.03444 1.50575 2.37647 0.635036
6.14333 1.41356 2.29999 0.527131
6.25222 1.31917 2.22131 0.41703
6.36111 1.22266 2.14051 0.304809
6.47 1.1241 2.05766 0.190539
6.57889 1.02356 1.97284 0.0742896
6.68778 0.921111 1.8861 -0.0438747
6.79667 0.816805 1.7975 -0.163892
6.90556 0.710705 1.70711 -0.285703
7.01444 0.602867 1.61499 -0.409253
7.12333 0.493345 1.52118 -0.534487
7.23222 0.38219 1.42573 -0.661354
7.34111 0.26945 1.32871 -0.789805
7.45 0.155172 1.23014 -0.919795
7.55889 0.0394015 1.13008 -1.05128
7.66778 -0.0778198 1.02857 -1.18421
7.77667 -0.196451 0.925651 -1.31855
7.88556 -0.316452 0.821362 -1.45427
7.99444 -0.437786 0.715739 -1.59131
8.10333 -0.560417 0.60882 -1.72965
8.21222 -0.68431 0.500639 -1.86926
8.32111 -0.809431 0.391229 -2.01009
8.43 -0.93575 0.280622 -2.15212
8.53889 -1.06323 0.168849 -2.29532
8.64778 -1.19186 0.0559392 -2.43965
8.75667 -1.32159 -0.0580787 -2.58509
8.86556 -1.4524 -0.173177 -2.73161
8.97444 -1.58426 -0.28933 -2.87919
9.08333 -1.71715 -0.406512 -3.0278
9.19222 -1.85105 -0.524699 -3.17741
9.30111 -1.98593 -0.643866 -3.328
9.41 -2.12177 -0.763991 -3.47955
9.51889 -2.25854 -0.885052 -3.63203
9.62778 -2.39623 -1.00703 -3.78543
9.73667 -2.53481 -1.1299 -3.93972
9.84556 -2.67427 -1.25364 -4.09489
9.95444 -2.81458 -1.37824 -4.25091


