# The minimum of the Rosenbrock function is (x,y) = (1,1)
# Computed in 13281 interations.

0.001 0.000999 0.000999
0.101 0.0912971 0.0912972
0.201 0.1644 0.1644
0.301 0.222763 0.222763
0.401 0.268529 0.26853
0.501 0.303567 0.303568
0.601 0.329505 0.329506
0.701 0.347756 0.347758
0.801 0.35955 0.359553
0.901 0.36595 0.365953
1.001 0.367875 0.367879
1.101 0.366119 0.366125
1.201 0.361366 0.361373
1.301 0.354201 0.354209
1.401 0.345127 0.345137
1.501 0.334572 0.334584
1.601 0.3229 0.322913
1.701 0.310419 0.310434
1.801 0.297389 0.297406
1.901 0.284026 0.284046
2.001 0.270514 0.270535
2.101 0.257 0.257024
2.201 0.243607 0.243634
2.301 0.230436 0.230465
2.401 0.217564 0.217596
2.501 0.205054 0.205089
2.601 0.192954 0.192992
2.701 0.181299 0.181341
2.801 0.170113 0.170159
2.901 0.159413 0.159463
3.001 0.149208 0.149262
3.101 0.1395 0.139558
3.201 0.130287 0.130349
3.301 0.121562 0.12163
3.401 0.113316 0.113389
3.501 0.105537 0.105615
3.601 0.09821 0.0982944
3.701 0.0913194 0.0914103
3.801 0.0848485 0.0849463
3.901 0.0787795 0.0788848
4.001 0.0730944 0.0732076
4.101 0.0677748 0.0678966
4.201 0.0628023 0.0629335
4.301 0.0581588 0.0583
4.401 0.0538266 0.0539786
4.501 0.0497881 0.0499516
4.601 0.0460262 0.0462023
4.701 0.0425245 0.0427142
4.801 0.039267 0.0394715
4.901 0.0362389 0.0364592
5.001 0.0334253 0.0336628
5.101 0.0308123 0.0310684
5.201 0.0283866 0.028663
5.301 0.0261356 0.026434
5.401 0.0240475 0.0243697
5.501 0.0221109 0.0224589
5.601 0.020315 0.020691
5.701 0.0186498 0.0190563
5.801 0.0171057 0.0175453
5.901 0.0156736 0.0161493
6.001 0.0143453 0.0148601
6.101 0.0131126 0.0136701
6.201 0.0119681 0.0125719
6.301 0.0109048 0.011559
6.401 0.00991578 0.010625
6.501 0.00899506 0.00976409
6.601 0.00813667 0.00897081
6.701 0.00733501 0.0082401
6.801 0.00658482 0.00756721
6.901 0.00588111 0.00694778
7.001 0.00521915 0.0063777
7.101 0.00459456 0.00585321
7.201 0.00400299 0.00537079
7.301 0.00344034 0.00492718
7.401 0.00290267 0.00451936
7.501 0.00238617 0.00414454
7.601 0.00188716 0.00380013
7.701 0.00140212 0.00348374
7.801 0.000927457 0.00319315
7.901 0.000459694 0.00292632
