0.1 0 0.82
0.1 0 0.82
0.1 0 0.82
0.207812 0.021875 0.672977
0.217969 0.0703125 0.663567
0.438672 0.138281 0.608331
0.569336 0.269141 0.488002
0.360986 0.137012 0.412828
0.49165 0.267871 0.326807
0.497827 0.235791 0.266676
0.628491 0.36665 0.218396
0.628491 0.36665 0.218396
0.658069 0.415405 0.148067
0.658069 0.415405 0.148067
0.658069 0.415405 0.148067
0.738799 0.527347 0.102364
0.738799 0.527347 0.102364
0.777075 0.603648 0.0496993
0.777075 0.603648 0.0496993
0.777075 0.603648 0.0496993
0.86683 0.753991 0.0184082
0.86683 0.753991 0.0184082
0.86683 0.753991 0.0184082
0.86683 0.753991 0.0184082
0.91086 0.82339 0.0118842
0.917977 0.848803 0.010475
0.962006 0.918202 0.0067059
0.998255 1.00373 0.00520713
0.949054 0.904884 0.00434332
0.96783 0.936254 0.00105442
0.96783 0.936254 0.00105442
0.997125 0.993518 6.31346e-05
0.997125 0.993518 6.31346e-05
0.997125 0.993518 6.31346e-05
0.997125 0.993518 6.31346e-05
0.997125 0.993518 6.31346e-05
0.997125 0.993518 6.31346e-05
0.999002 0.998458 2.14748e-05
1.00081 1.00191 9.24037e-06
0.998515 0.99685 5.50447e-06
0.999991 0.999841 1.98972e-06
1.00003 1.00013 4.46243e-07
1.00003 1.00013 4.46243e-07
1.00019 1.00034 2.43097e-07
1.00019 1.00034 2.43097e-07
0.999929 0.999878 4.06203e-08
0.999929 0.999878 4.06203e-08
0.999929 0.999878 4.06203e-08
1.00008 1.00017 8.65851e-09
1.00001 1.00002 2.34344e-09
1.00001 1.00002 2.34344e-09
1.00001 1.00002 2.34344e-09
0.999982 0.999961 8.79475e-10
1.00001 1.00001 8.51076e-11
1.00001 1.00001 8.51076e-11
1.00001 1.00001 8.51076e-11
1 1.00001 5.67093e-11
0.999997 0.999994 2.20426e-11
1 1.00001 1.46097e-11
1 1.00001 1.46097e-11
0.999999 0.999997 2.50429e-12
0.999999 0.999997 2.50429e-12
1 1 1.95793e-12
1 0.999999 5.19948e-13
1 0.999999 2.20731e-13
1 0.999999 2.20731e-13
1 1 1.26108e-13
1 1 2.75363e-14
1 1 2.75363e-14
1 1 2.75363e-14
1 1 6.73673e-15
1 1 2.94876e-15
1 1 2.94876e-15
1 1 7.39671e-16
1 1 4.56016e-16
1 1 4.56016e-16
1 1 6.23993e-17
1 1 6.23993e-17
1 1 6.23993e-17
1 1 1.51899e-17
1 1 8.10791e-18
1 1 7.71117e-18
1 1 3.32932e-18
1 1 8.35273e-19
1 1 8.35273e-19
1 1 3.50444e-19
1 1 1.5783e-19
1 1 6.22162e-20
1 1 6.22162e-20
1 1 3.53506e-20
1 1 1.62057e-20
1 1 2.64757e-21
1 1 2.64757e-21
1 1 2.64757e-21
1 1 1.0306e-21
1 1 5.35009e-22
1 1 2.88221e-22
1 1 1.37096e-22
1 1 1.17339e-22
1 1 3.15208e-23
1 1 2.97688e-23
1 1 4.83062e-24
1 1 4.03357e-24
1 1 4.03357e-24
1 1 3.98213e-25
1 1 3.98213e-25
1 1 3.98213e-25
1 1 1.43686e-25
1 1 6.67131e-26
1 1 5.03651e-26
1 1 1.9176e-26
1 1 4.48084e-27
1 1 4.48084e-27
1 1 2.61133e-27
1 1 1.66647e-27
1 1 3.56972e-28
1 1 3.56972e-28
1 1 3.56972e-28
1 1 1.487e-28
1 1 6.88281e-29
1 1 2.09541e-29
1 1 2.09541e-29
1 1 2.09541e-29
1 1 3.15544e-30
# Iterations needed for error of 1e-10: 124
# min at (x,y) = (1,1)


# t[i], y[i], e[i]
0.47 5.49 0.26
1.41 4.08 0.12
2.36 3.54 0.27
3.3 2.61 0.1
4.24 2.09 0.15
5.18 1.91 0.11
6.13 1.55 0.13
7.07 1.47 0.07
8.01 1.45 0.15
8.95 1.25 0.09


0.47 5.401
0.48 5.38518
0.49 5.36942
0.5 5.35371
0.51 5.33806
0.52 5.32247
0.53 5.30694
0.54 5.29146
0.55 5.27604
0.56 5.26068
0.57 5.24537
0.58 5.23012
0.59 5.21492
0.6 5.19978
0.61 5.1847
0.62 5.16967
0.63 5.1547
0.64 5.13978
0.65 5.12491
0.66 5.1101
0.67 5.09535
0.68 5.08065
0.69 5.066
0.7 5.0514
0.71 5.03686
0.72 5.02238
0.73 5.00794
0.74 4.99356
0.75 4.97923
0.76 4.96496
0.77 4.95073
0.78 4.93656
0.79 4.92244
0.8 4.90838
0.81 4.89436
0.82 4.88039
0.83 4.86648
0.84 4.85262
0.85 4.83881
0.86 4.82504
0.87 4.81133
0.88 4.79767
0.89 4.78406
0.9 4.7705
0.91 4.75699
0.92 4.74353
0.93 4.73012
0.94 4.71676
0.95 4.70344
0.96 4.69018
0.97 4.67696
0.98 4.66379
0.99 4.65067
1 4.6376
1.01 4.62458
1.02 4.6116
1.03 4.59867
1.04 4.58579
1.05 4.57296
1.06 4.56017
1.07 4.54743
1.08 4.53474
1.09 4.52209
1.1 4.50949
1.11 4.49694
1.12 4.48443
1.13 4.47196
1.14 4.45955
1.15 4.44718
1.16 4.43485
1.17 4.42257
1.18 4.41033
1.19 4.39814
1.2 4.386
1.21 4.3739
1.22 4.36184
1.23 4.34983
1.24 4.33786
1.25 4.32593
1.26 4.31405
1.27 4.30221
1.28 4.29042
1.29 4.27867
1.3 4.26696
1.31 4.25529
1.32 4.24367
1.33 4.23209
1.34 4.22055
1.35 4.20906
1.36 4.1976
1.37 4.18619
1.38 4.17482
1.39 4.16349
1.4 4.15221
1.41 4.14096
1.42 4.12976
1.43 4.1186
1.44 4.10748
1.45 4.0964
1.46 4.08535
1.47 4.07436
1.48 4.0634
1.49 4.05248
1.5 4.0416
1.51 4.03076
1.52 4.01996
1.53 4.0092
1.54 3.99848
1.55 3.9878
1.56 3.97715
1.57 3.96655
1.58 3.95599
1.59 3.94546
1.6 3.93497
1.61 3.92452
1.62 3.91411
1.63 3.90374
1.64 3.89341
1.65 3.88311
1.66 3.87285
1.67 3.86263
1.68 3.85245
1.69 3.8423
1.7 3.83219
1.71 3.82212
1.72 3.81209
1.73 3.80209
1.74 3.79213
1.75 3.7822
1.76 3.77231
1.77 3.76246
1.78 3.75264
1.79 3.74286
1.8 3.73312
1.81 3.72341
1.82 3.71374
1.83 3.7041
1.84 3.6945
1.85 3.68493
1.86 3.6754
1.87 3.6659
1.88 3.65644
1.89 3.64701
1.9 3.63761
1.91 3.62826
1.92 3.61893
1.93 3.60964
1.94 3.60038
1.95 3.59116
1.96 3.58197
1.97 3.57282
1.98 3.5637
1.99 3.55461
2 3.54555
2.01 3.53653
2.02 3.52754
2.03 3.51859
2.04 3.50967
2.05 3.50078
2.06 3.49192
2.07 3.48309
2.08 3.4743
2.09 3.46554
2.1 3.45681
2.11 3.44812
2.12 3.43945
2.13 3.43082
2.14 3.42222
2.15 3.41365
2.16 3.40511
2.17 3.39661
2.18 3.38813
2.19 3.37969
2.2 3.37127
2.21 3.36289
2.22 3.35454
2.23 3.34622
2.24 3.33792
2.25 3.32966
2.26 3.32143
2.27 3.31323
2.28 3.30506
2.29 3.29692
2.3 3.28881
2.31 3.28073
2.32 3.27268
2.33 3.26466
2.34 3.25667
2.35 3.24871
2.36 3.24077
2.37 3.23287
2.38 3.22499
2.39 3.21715
2.4 3.20933
2.41 3.20154
2.42 3.19378
2.43 3.18605
2.44 3.17834
2.45 3.17067
2.46 3.16302
2.47 3.1554
2.48 3.14781
2.49 3.14024
2.5 3.13271
2.51 3.1252
2.52 3.11772
2.53 3.11027
2.54 3.10284
2.55 3.09544
2.56 3.08807
2.57 3.08072
2.58 3.07341
2.59 3.06612
2.6 3.05885
2.61 3.05161
2.62 3.0444
2.63 3.03722
2.64 3.03006
2.65 3.02293
2.66 3.01582
2.67 3.00874
2.68 3.00169
2.69 2.99466
2.7 2.98766
2.71 2.98068
2.72 2.97373
2.73 2.9668
2.74 2.9599
2.75 2.95303
2.76 2.94618
2.77 2.93935
2.78 2.93255
2.79 2.92578
2.8 2.91903
2.81 2.9123
2.82 2.9056
2.83 2.89893
2.84 2.89227
2.85 2.88565
2.86 2.87904
2.87 2.87247
2.88 2.86591
2.89 2.85938
2.9 2.85287
2.91 2.84639
2.92 2.83993
2.93 2.8335
2.94 2.82708
2.95 2.8207
2.96 2.81433
2.97 2.80799
2.98 2.80167
2.99 2.79538
3 2.7891
3.01 2.78286
3.02 2.77663
3.03 2.77043
3.04 2.76425
3.05 2.75809
3.06 2.75195
3.07 2.74584
3.08 2.73975
3.09 2.73368
3.1 2.72763
3.11 2.72161
3.12 2.71561
3.13 2.70963
3.14 2.70367
3.15 2.69774
3.16 2.69182
3.17 2.68593
3.18 2.68006
3.19 2.67421
3.2 2.66838
3.21 2.66257
3.22 2.65679
3.23 2.65102
3.24 2.64528
3.25 2.63956
3.26 2.63386
3.27 2.62818
3.28 2.62252
3.29 2.61688
3.3 2.61126
3.31 2.60567
3.32 2.60009
3.33 2.59453
3.34 2.589
3.35 2.58348
3.36 2.57798
3.37 2.57251
3.38 2.56705
3.39 2.56162
3.4 2.5562
3.41 2.55081
3.42 2.54543
3.43 2.54008
3.44 2.53474
3.45 2.52942
3.46 2.52413
3.47 2.51885
3.48 2.51359
3.49 2.50835
3.5 2.50313
3.51 2.49793
3.52 2.49275
3.53 2.48758
3.54 2.48244
3.55 2.47731
3.56 2.47221
3.57 2.46712
3.58 2.46205
3.59 2.457
3.6 2.45197
3.61 2.44696
3.62 2.44196
3.63 2.43698
3.64 2.43203
3.65 2.42709
3.66 2.42216
3.67 2.41726
3.68 2.41237
3.69 2.4075
3.7 2.40265
3.71 2.39782
3.72 2.39301
3.73 2.38821
3.74 2.38343
3.75 2.37867
3.76 2.37392
3.77 2.36919
3.78 2.36448
3.79 2.35979
3.8 2.35512
3.81 2.35046
3.82 2.34582
3.83 2.34119
3.84 2.33658
3.85 2.33199
3.86 2.32742
3.87 2.32286
3.88 2.31832
3.89 2.3138
3.9 2.30929
3.91 2.3048
3.92 2.30033
3.93 2.29587
3.94 2.29143
3.95 2.287
3.96 2.28259
3.97 2.2782
3.98 2.27382
3.99 2.26946
4 2.26512
4.01 2.26079
4.02 2.25648
4.03 2.25218
4.04 2.2479
4.05 2.24363
4.06 2.23938
4.07 2.23515
4.08 2.23093
4.09 2.22673
4.1 2.22254
4.11 2.21837
4.12 2.21421
4.13 2.21007
4.14 2.20594
4.15 2.20183
4.16 2.19773
4.17 2.19365
4.18 2.18958
4.19 2.18553
4.2 2.18149
4.21 2.17747
4.22 2.17346
4.23 2.16947
4.24 2.16549
4.25 2.16153
4.26 2.15758
4.27 2.15365
4.28 2.14973
4.29 2.14582
4.3 2.14193
4.31 2.13805
4.32 2.13419
4.33 2.13034
4.34 2.12651
4.35 2.12268
4.36 2.11888
4.37 2.11509
4.38 2.11131
4.39 2.10754
4.4 2.10379
4.41 2.10005
4.42 2.09633
4.43 2.09262
4.44 2.08892
4.45 2.08524
4.46 2.08157
4.47 2.07791
4.48 2.07427
4.49 2.07064
4.5 2.06703
4.51 2.06342
4.52 2.05983
4.53 2.05626
4.54 2.05269
4.55 2.04914
4.56 2.04561
4.57 2.04208
4.58 2.03857
4.59 2.03507
4.6 2.03159
4.61 2.02812
4.62 2.02466
4.63 2.02121
4.64 2.01777
4.65 2.01435
4.66 2.01094
4.67 2.00754
4.68 2.00416
4.69 2.00079
4.7 1.99743
4.71 1.99408
4.72 1.99074
4.73 1.98742
4.74 1.98411
4.75 1.98081
4.76 1.97752
4.77 1.97425
4.78 1.97099
4.79 1.96774
4.8 1.9645
4.81 1.96127
4.82 1.95806
4.83 1.95485
4.84 1.95166
4.85 1.94848
4.86 1.94531
4.87 1.94216
4.88 1.93901
4.89 1.93588
4.9 1.93276
4.91 1.92965
4.92 1.92655
4.93 1.92346
4.94 1.92038
4.95 1.91732
4.96 1.91426
4.97 1.91122
4.98 1.90819
4.99 1.90517
5 1.90216
5.01 1.89916
5.02 1.89617
5.03 1.8932
5.04 1.89023
5.05 1.88728
5.06 1.88433
5.07 1.8814
5.08 1.87848
5.09 1.87556
5.1 1.87266
5.11 1.86977
5.12 1.86689
5.13 1.86402
5.14 1.86117
5.15 1.85832
5.16 1.85548
5.17 1.85265
5.18 1.84984
5.19 1.84703
5.2 1.84423
5.21 1.84145
5.22 1.83867
5.23 1.8359
5.24 1.83315
5.25 1.8304
5.26 1.82767
5.27 1.82494
5.28 1.82223
5.29 1.81952
5.3 1.81683
5.31 1.81414
5.32 1.81146
5.33 1.8088
5.34 1.80614
5.35 1.8035
5.36 1.80086
5.37 1.79823
5.38 1.79561
5.39 1.79301
5.4 1.79041
5.41 1.78782
5.42 1.78524
5.43 1.78267
5.44 1.78011
5.45 1.77756
5.46 1.77502
5.47 1.77248
5.48 1.76996
5.49 1.76745
5.5 1.76494
5.51 1.76245
5.52 1.75996
5.53 1.75748
5.54 1.75501
5.55 1.75256
5.56 1.7501
5.57 1.74766
5.58 1.74523
5.59 1.74281
5.6 1.74039
5.61 1.73799
5.62 1.73559
5.63 1.7332
5.64 1.73082
5.65 1.72845
5.66 1.72609
5.67 1.72374
5.68 1.72139
5.69 1.71906
5.7 1.71673
5.71 1.71441
5.72 1.7121
5.73 1.7098
5.74 1.70751
5.75 1.70522
5.76 1.70294
5.77 1.70068
5.78 1.69842
5.79 1.69616
5.8 1.69392
5.81 1.69169
5.82 1.68946
5.83 1.68724
5.84 1.68503
5.85 1.68283
5.86 1.68063
5.87 1.67845
5.88 1.67627
5.89 1.6741
5.9 1.67193
5.91 1.66978
5.92 1.66763
5.93 1.66549
5.94 1.66336
5.95 1.66124
5.96 1.65912
5.97 1.65702
5.98 1.65492
5.99 1.65282
6 1.65074
6.01 1.64866
6.02 1.64659
6.03 1.64453
6.04 1.64248
6.05 1.64043
6.06 1.63839
6.07 1.63636
6.08 1.63433
6.09 1.63232
6.1 1.63031
6.11 1.62831
6.12 1.62631
6.13 1.62432
6.14 1.62234
6.15 1.62037
6.16 1.61841
6.17 1.61645
6.18 1.6145
6.19 1.61255
6.2 1.61061
6.21 1.60868
6.22 1.60676
6.23 1.60485
6.24 1.60294
6.25 1.60104
6.26 1.59914
6.27 1.59725
6.28 1.59537
6.29 1.5935
6.3 1.59163
6.31 1.58977
6.32 1.58792
6.33 1.58607
6.34 1.58423
6.35 1.5824
6.36 1.58057
6.37 1.57875
6.38 1.57694
6.39 1.57513
6.4 1.57333
6.41 1.57154
6.42 1.56975
6.43 1.56797
6.44 1.5662
6.45 1.56443
6.46 1.56267
6.47 1.56091
6.48 1.55917
6.49 1.55743
6.5 1.55569
6.51 1.55396
6.52 1.55224
6.53 1.55052
6.54 1.54881
6.55 1.54711
6.56 1.54541
6.57 1.54372
6.58 1.54204
6.59 1.54036
6.6 1.53869
6.61 1.53702
6.62 1.53536
6.63 1.53371
6.64 1.53206
6.65 1.53042
6.66 1.52878
6.67 1.52715
6.68 1.52553
6.69 1.52391
6.7 1.5223
6.71 1.52069
6.72 1.51909
6.73 1.51749
6.74 1.51591
6.75 1.51432
6.76 1.51275
6.77 1.51117
6.78 1.50961
6.79 1.50805
6.8 1.5065
6.81 1.50495
6.82 1.5034
6.83 1.50187
6.84 1.50034
6.85 1.49881
6.86 1.49729
6.87 1.49578
6.88 1.49427
6.89 1.49276
6.9 1.49126
6.91 1.48977
6.92 1.48829
6.93 1.4868
6.94 1.48533
6.95 1.48386
6.96 1.48239
6.97 1.48093
6.98 1.47948
6.99 1.47803
7 1.47658
7.01 1.47514
7.02 1.47371
7.03 1.47228
7.04 1.47086
7.05 1.46944
7.06 1.46803
7.07 1.46662
7.08 1.46522
7.09 1.46382
7.1 1.46243
7.11 1.46104
7.12 1.45966
7.13 1.45829
7.14 1.45691
7.15 1.45555
7.16 1.45419
7.17 1.45283
7.18 1.45148
7.19 1.45013
7.2 1.44879
7.21 1.44745
7.22 1.44612
7.23 1.44479
7.24 1.44347
7.25 1.44215
7.26 1.44084
7.27 1.43953
7.28 1.43823
7.29 1.43693
7.3 1.43564
7.31 1.43435
7.32 1.43307
7.33 1.43179
7.34 1.43051
7.35 1.42924
7.36 1.42798
7.37 1.42672
7.38 1.42546
7.39 1.42421
7.4 1.42296
7.41 1.42172
7.42 1.42048
7.43 1.41925
7.44 1.41802
7.45 1.4168
7.46 1.41558
7.47 1.41436
7.48 1.41315
7.49 1.41195
7.5 1.41074
7.51 1.40955
7.52 1.40835
7.53 1.40716
7.54 1.40598
7.55 1.4048
7.56 1.40362
7.57 1.40245
7.58 1.40129
7.59 1.40012
7.6 1.39897
7.61 1.39781
7.62 1.39666
7.63 1.39552
7.64 1.39437
7.65 1.39324
7.66 1.3921
7.67 1.39097
7.68 1.38985
7.69 1.38873
7.7 1.38761
7.71 1.3865
7.72 1.38539
7.73 1.38429
7.74 1.38319
7.75 1.38209
7.76 1.381
7.77 1.37991
7.78 1.37882
7.79 1.37774
7.8 1.37667
7.81 1.37559
7.82 1.37453
7.83 1.37346
7.84 1.3724
7.85 1.37134
7.86 1.37029
7.87 1.36924
7.88 1.3682
7.89 1.36715
7.9 1.36612
7.91 1.36508
7.92 1.36405
7.93 1.36303
7.94 1.362
7.95 1.36099
7.96 1.35997
7.97 1.35896
7.98 1.35795
7.99 1.35695
8 1.35595
8.01 1.35495
8.02 1.35396
8.03 1.35297
8.04 1.35198
8.05 1.351
8.06 1.35002
8.07 1.34905
8.08 1.34808
8.09 1.34711
8.1 1.34614
8.11 1.34518
8.12 1.34423
8.13 1.34327
8.14 1.34232
8.15 1.34138
8.16 1.34043
8.17 1.33949
8.18 1.33856
8.19 1.33762
8.2 1.33669
8.21 1.33577
8.22 1.33485
8.23 1.33393
8.24 1.33301
8.25 1.3321
8.26 1.33119
8.27 1.33028
8.28 1.32938
8.29 1.32848
8.3 1.32759
8.31 1.32669
8.32 1.3258
8.33 1.32492
8.34 1.32403
8.35 1.32315
8.36 1.32228
8.37 1.32141
8.38 1.32054
8.39 1.31967
8.4 1.3188
8.41 1.31794
8.42 1.31709
8.43 1.31623
8.44 1.31538
8.45 1.31453
8.46 1.31369
8.47 1.31285
8.48 1.31201
8.49 1.31117
8.5 1.31034
8.51 1.30951
8.52 1.30868
8.53 1.30786
8.54 1.30704
8.55 1.30622
8.56 1.30541
8.57 1.3046
8.58 1.30379
8.59 1.30298
8.6 1.30218
8.61 1.30138
8.62 1.30059
8.63 1.29979
8.64 1.299
8.65 1.29821
8.66 1.29743
8.67 1.29665
8.68 1.29587
8.69 1.29509
8.7 1.29432
8.71 1.29355
8.72 1.29278
8.73 1.29201
8.74 1.29125
8.75 1.29049
8.76 1.28973
8.77 1.28898
8.78 1.28823
8.79 1.28748
8.8 1.28674
8.81 1.28599
8.82 1.28525
8.83 1.28452
8.84 1.28378
8.85 1.28305
8.86 1.28232
8.87 1.28159
8.88 1.28087
8.89 1.28015
8.9 1.27943
8.91 1.27871
8.92 1.278
8.93 1.27729
8.94 1.27658
8.95 1.27587
# A=5.1301, T=2.72352, B=1.08403
