x	y
0	1
0.82673	0.67728
1.6535	-0.082579
2.4802	-0.78914
3.3069	-0.98636
4.1337	-0.54695
4.9604	0.24549
5.7871	0.87947
6.6139	0.94582
7.4406	0.4017
8.2673	-0.4017
9.0941	-0.94582
9.9208	-0.87947
10.748	-0.24549
11.574	0.54695
12.401	0.98636
13.228	0.78914
14.054	0.082579
14.881	-0.67728
15.708	-1


z	spline	int_spline	cos(z)
0	1	0	0
0.10542	0.95885	0.10325	0.10523
0.21085	0.9177	0.20217	0.20929
0.31627	0.87654	0.29675	0.31102
0.42169	0.83539	0.38698	0.4093
0.52711	0.79424	0.47288	0.50304
0.63254	0.75309	0.55445	0.59119
0.73796	0.71194	0.63167	0.67278
0.84338	0.66198	0.70448	0.7469
0.9488	0.56509	0.76916	0.81272
1.0542	0.46819	0.82363	0.86952
1.1596	0.3713	0.86788	0.91666
1.2651	0.2744	0.90191	0.95363
1.3705	0.17751	0.92573	0.98001
1.4759	0.080612	0.93934	0.9955
1.5813	-0.016283	0.94273	0.99994
1.6868	-0.11103	0.93594	0.99328
1.7922	-0.20113	0.91949	0.97559
1.8976	-0.29123	0.89353	0.94707
2.003	-0.38133	0.85808	0.90803
2.1085	-0.47143	0.81313	0.85891
2.2139	-0.56152	0.75869	0.80025
2.3193	-0.65162	0.69474	0.73271
2.4247	-0.74172	0.62129	0.65703
2.5301	-0.80105	0.53912	0.57406
2.6356	-0.8262	0.45334	0.48471
2.741	-0.85135	0.36492	0.38998
2.8464	-0.8765	0.27384	0.29092
2.9518	-0.90165	0.18011	0.18862
3.0573	-0.9268	0.083733	0.084238
3.1627	-0.95195	-0.015299	-0.021083
3.2681	-0.9771	-0.11698	-0.12617
3.3735	-0.95097	-0.21961	-0.22986
3.4789	-0.89494	-0.31691	-0.33099
3.5844	-0.83891	-0.4083	-0.42845
3.6898	-0.78287	-0.49379	-0.52115
3.7952	-0.72684	-0.57337	-0.60806
3.9006	-0.67081	-0.64704	-0.68823
4.0061	-0.61478	-0.7148	-0.76075
4.1115	-0.55874	-0.77666	-0.82482
4.2169	-0.46717	-0.83113	-0.87974
4.3223	-0.36612	-0.87506	-0.92488
4.4277	-0.26508	-0.90833	-0.95976
4.5332	-0.16403	-0.93095	-0.98398
4.6386	-0.062979	-0.94291	-0.99728
4.744	0.03807	-0.94423	-0.9995
4.8494	0.13912	-0.93489	-0.99062
4.9549	0.24017	-0.91489	-0.97075
5.0603	0.32207	-0.8852	-0.94009
5.1657	0.40292	-0.84699	-0.899
5.2711	0.48376	-0.80025	-0.84792
5.3766	0.56461	-0.74499	-0.78743
5.482	0.64545	-0.68121	-0.7182
5.5874	0.7263	-0.6089	-0.64099
5.6928	0.80714	-0.52807	-0.55667
5.7982	0.88036	-0.43876	-0.46616
5.9037	0.88882	-0.3455	-0.37048
6.0091	0.89728	-0.25136	-0.27068
6.1145	0.90574	-0.15632	-0.16788
6.2199	0.9142	-0.060384	-0.063211
6.3254	0.92266	0.03644	0.042157
6.4308	0.93112	0.13416	0.14706
6.5362	0.93958	0.23276	0.25032
6.6416	0.92756	0.33198	0.35081
6.747	0.85817	0.42611	0.4474
6.8525	0.78879	0.51292	0.53903
6.9579	0.7194	0.59242	0.62467
7.0633	0.65002	0.6646	0.70337
7.1687	0.58063	0.72947	0.77426
7.2742	0.51125	0.78703	0.83656
7.3796	0.44187	0.83727	0.88957
7.485	0.35856	0.87988	0.9327
7.5904	0.25611	0.91228	0.96547
7.6958	0.15367	0.93388	0.98752
7.8013	0.051223	0.94468	0.99861
7.9067	-0.051223	0.94468	0.99861
8.0121	-0.15367	0.93388	0.98752
8.1175	-0.25611	0.91228	0.96547
8.223	-0.35856	0.87988	0.9327
8.3284	-0.44187	0.83727	0.88957
8.4338	-0.51125	0.78703	0.83656
8.5392	-0.58063	0.72947	0.77426
8.6447	-0.65002	0.6646	0.70337
8.7501	-0.7194	0.59242	0.62467
8.8555	-0.78879	0.51292	0.53903
8.9609	-0.85817	0.42611	0.4474
9.0663	-0.92756	0.33198	0.35081
9.1718	-0.93958	0.23276	0.25032
9.2772	-0.93112	0.13416	0.14706
9.3826	-0.92266	0.03644	0.042157
9.488	-0.9142	-0.060384	-0.063211
9.5935	-0.90574	-0.15632	-0.16788
9.6989	-0.89728	-0.25136	-0.27068
9.8043	-0.88882	-0.3455	-0.37048
9.9097	-0.88036	-0.43876	-0.46616
10.015	-0.80714	-0.52807	-0.55667
10.121	-0.7263	-0.6089	-0.64099
10.226	-0.64545	-0.68121	-0.7182
10.331	-0.56461	-0.74499	-0.78743
10.437	-0.48376	-0.80025	-0.84792
10.542	-0.40292	-0.84699	-0.899
10.648	-0.32207	-0.8852	-0.94009
10.753	-0.24017	-0.91489	-0.97075
10.859	-0.13912	-0.93489	-0.99062
10.964	-0.03807	-0.94423	-0.9995
11.069	0.062979	-0.94291	-0.99728
11.175	0.16403	-0.93095	-0.98398
11.28	0.26508	-0.90833	-0.95976
11.386	0.36612	-0.87506	-0.92488
11.491	0.46717	-0.83113	-0.87974
11.596	0.55874	-0.77666	-0.82482
11.702	0.61478	-0.7148	-0.76075
11.807	0.67081	-0.64704	-0.68823
11.913	0.72684	-0.57337	-0.60806
12.018	0.78287	-0.49379	-0.52115
12.124	0.83891	-0.4083	-0.42845
12.229	0.89494	-0.31691	-0.33099
12.334	0.95097	-0.21961	-0.22986
12.44	0.9771	-0.11698	-0.12617
12.545	0.95195	-0.015299	-0.021083
12.651	0.9268	0.083733	0.084238
12.756	0.90165	0.18011	0.18862
12.862	0.8765	0.27384	0.29092
12.967	0.85135	0.36492	0.38998
13.072	0.8262	0.45334	0.48471
13.178	0.80105	0.53912	0.57406
13.283	0.74172	0.62129	0.65703
13.389	0.65162	0.69474	0.73271
13.494	0.56152	0.75869	0.80025
13.6	0.47143	0.81313	0.85891
13.705	0.38133	0.85808	0.90803
13.81	0.29123	0.89353	0.94707
13.916	0.20113	0.91949	0.97559
14.021	0.11103	0.93594	0.99328
14.127	0.016283	0.94273	0.99994
14.232	-0.080612	0.93934	0.9955
14.337	-0.17751	0.92573	0.98001
14.443	-0.2744	0.90191	0.95363
14.548	-0.3713	0.86788	0.91666
14.654	-0.46819	0.82363	0.86952
14.759	-0.56509	0.76916	0.81272
14.865	-0.66198	0.70448	0.7469
14.97	-0.71194	0.63167	0.67278
15.075	-0.75309	0.55445	0.59119
15.181	-0.79424	0.47288	0.50304
15.286	-0.83539	0.38698	0.4093
15.392	-0.87654	0.29675	0.31102
15.497	-0.9177	0.20217	0.20929
15.603	-0.95885	0.10325	0.10523
15.708	-1	4.4409e-16	6.1232e-16


z	qspline	qspline_int	qspline_deriv
0	1	0	-4.4409e-16
0.10542	0.99475	0.10524	-0.099553
0.21085	0.97901	0.20937	-0.19911
0.31627	0.95277	0.31129	-0.29866
0.42169	0.91604	0.40989	-0.39821
0.52711	0.86881	0.50406	-0.49777
0.63254	0.81109	0.5927	-0.59732
0.73796	0.74287	0.67471	-0.69687
0.84338	0.66424	0.74897	-0.78628
0.9488	0.57949	0.81456	-0.82158
1.0542	0.49101	0.87102	-0.85688
1.1596	0.39882	0.91795	-0.89217
1.2651	0.3029	0.95498	-0.92747
1.3705	0.20327	0.98169	-0.96277
1.4759	0.099909	0.9977	-0.99807
1.5813	-0.0071705	1.0026	-1.0334
1.6868	-0.11751	0.99607	-1.0412
1.7922	-0.22455	0.97799	-0.98944
1.8976	-0.32613	0.94891	-0.9377
2.003	-0.42226	0.90942	-0.88596
2.1085	-0.51293	0.86007	-0.83422
2.2139	-0.59815	0.80146	-0.78248
2.3193	-0.67791	0.73415	-0.73074
2.4247	-0.75222	0.65872	-0.679
2.5301	-0.82044	0.57575	-0.60185
2.6356	-0.87833	0.48611	-0.49646
2.741	-0.92512	0.39095	-0.39108
2.8464	-0.96079	0.29144	-0.2857
2.9518	-0.98536	0.18876	-0.18032
3.0573	-0.99881	0.084071	-0.074933
3.1627	-1.0012	-0.021447	0.03045
3.2681	-0.99239	-0.12663	0.13583
3.3735	-0.97282	-0.2303	0.23214
3.4789	-0.94355	-0.3314	0.32314
3.5844	-0.90469	-0.42891	0.41415
3.6898	-0.85623	-0.52181	0.50516
3.7952	-0.79817	-0.6091	0.59617
3.9006	-0.73053	-0.68977	0.68718
4.0061	-0.65329	-0.7628	0.77818
4.1115	-0.56645	-0.82717	0.86919
4.2169	-0.47242	-0.88196	0.90248
4.3223	-0.37634	-0.92671	0.92037
4.4277	-0.27837	-0.96124	0.93826
4.5332	-0.17851	-0.98534	0.95616
4.6386	-0.076768	-0.99881	0.97405
4.744	0.026862	-1.0015	0.99194
4.8494	0.13238	-0.99308	1.0098
4.9549	0.23978	-0.97348	1.0277
5.0603	0.34506	-0.94259	0.96541
5.1657	0.44332	-0.90098	0.89864
5.2711	0.53454	-0.84937	0.83187
5.3766	0.61872	-0.78852	0.7651
5.482	0.69586	-0.71916	0.69833
5.5874	0.76596	-0.64205	0.63156
5.6928	0.82902	-0.55791	0.56479
5.7982	0.88502	-0.4675	0.49364
5.9037	0.93135	-0.37166	0.3853
6.0091	0.96625	-0.27153	0.27697
6.1145	0.98974	-0.16833	0.16863
6.2199	1.0018	-0.063251	0.060291
6.3254	1.0025	0.042497	-0.048047
6.4308	0.99168	0.14771	-0.15639
6.5362	0.96948	0.25119	-0.26472
6.6416	0.93597	0.35172	-0.3656
6.747	0.89321	0.44821	-0.44558
6.8525	0.84202	0.53975	-0.52556
6.9579	0.7824	0.62545	-0.60554
7.0633	0.71434	0.70442	-0.68552
7.1687	0.63786	0.77577	-0.7655
7.2742	0.55294	0.83861	-0.84548
7.3796	0.45959	0.89206	-0.92546
7.485	0.35856	0.93523	-0.97176
7.5904	0.25611	0.96763	-0.97176
7.6958	0.15367	0.98923	-0.97176
7.8013	0.051223	1	-0.97176
7.9067	-0.051223	1	-0.97176
8.0121	-0.15367	0.98923	-0.97176
8.1175	-0.25611	0.96763	-0.97176
8.223	-0.35856	0.93523	-0.97176
8.3284	-0.45959	0.89206	-0.92546
8.4338	-0.55294	0.83861	-0.84548
8.5392	-0.63786	0.77577	-0.7655
8.6447	-0.71434	0.70442	-0.68552
8.7501	-0.7824	0.62545	-0.60554
8.8555	-0.84202	0.53975	-0.52556
8.9609	-0.89321	0.44821	-0.44558
9.0663	-0.93597	0.35172	-0.3656
9.1718	-0.96948	0.25119	-0.26472
9.2772	-0.99168	0.14771	-0.15639
9.3826	-1.0025	0.042497	-0.048047
9.488	-1.0018	-0.063251	0.060291
9.5935	-0.98974	-0.16833	0.16863
9.6989	-0.96625	-0.27153	0.27697
9.8043	-0.93135	-0.37166	0.3853
9.9097	-0.88502	-0.4675	0.49364
10.015	-0.82902	-0.55791	0.56479
10.121	-0.76596	-0.64205	0.63156
10.226	-0.69586	-0.71916	0.69833
10.331	-0.61872	-0.78852	0.7651
10.437	-0.53454	-0.84937	0.83187
10.542	-0.44332	-0.90098	0.89864
10.648	-0.34506	-0.94259	0.96541
10.753	-0.23978	-0.97348	1.0277
10.859	-0.13238	-0.99308	1.0098
10.964	-0.026862	-1.0015	0.99194
11.069	0.076768	-0.99881	0.97405
11.175	0.17851	-0.98534	0.95616
11.28	0.27837	-0.96124	0.93826
11.386	0.37634	-0.92671	0.92037
11.491	0.47242	-0.88196	0.90248
11.596	0.56645	-0.82717	0.86919
11.702	0.65329	-0.7628	0.77818
11.807	0.73053	-0.68977	0.68718
11.913	0.79817	-0.6091	0.59617
12.018	0.85623	-0.52181	0.50516
12.124	0.90469	-0.42891	0.41415
12.229	0.94355	-0.3314	0.32314
12.334	0.97282	-0.2303	0.23214
12.44	0.99239	-0.12663	0.13583
12.545	1.0012	-0.021447	0.03045
12.651	0.99881	0.084071	-0.074933
12.756	0.98536	0.18876	-0.18032
12.862	0.96079	0.29144	-0.2857
12.967	0.92512	0.39095	-0.39108
13.072	0.87833	0.48611	-0.49646
13.178	0.82044	0.57575	-0.60185
13.283	0.75222	0.65872	-0.679
13.389	0.67791	0.73415	-0.73074
13.494	0.59815	0.80146	-0.78248
13.6	0.51293	0.86007	-0.83422
13.705	0.42226	0.90942	-0.88596
13.81	0.32613	0.94891	-0.9377
13.916	0.22455	0.97799	-0.98944
14.021	0.11751	0.99607	-1.0412
14.127	0.0071705	1.0026	-1.0334
14.232	-0.099909	0.9977	-0.99807
14.337	-0.20327	0.98169	-0.96277
14.443	-0.3029	0.95498	-0.92747
14.548	-0.39882	0.91795	-0.89217
14.654	-0.49101	0.87102	-0.85688
14.759	-0.57949	0.81456	-0.82158
14.865	-0.66424	0.74897	-0.78628
14.97	-0.74287	0.67471	-0.69687
15.075	-0.81109	0.5927	-0.59732
15.181	-0.86881	0.50406	-0.49777
15.286	-0.91604	0.40989	-0.39821
15.392	-0.95277	0.31129	-0.29866
15.497	-0.97901	0.20937	-0.19911
15.603	-0.99475	0.10524	-0.099553
15.708	-1	7.7716e-16	-1.2212e-15


z	cspline	cspline_int	cspline_deriv
0	0	0	0.92133
0.10542	0.09523	0.0050698	0.8673
0.21085	0.17907	0.019678	0.70519
0.31627	0.24012	0.042024	0.435
0.42169	0.26699	0.069105	0.056742
0.52711	0.24828	0.096716	-0.42959
0.63254	0.17529	0.11951	-0.93566
0.73796	0.055548	0.13203	-1.3143
0.84338	-0.097279	0.13006	-1.5634
0.9488	-0.26953	0.11084	-1.6828
1.0542	-0.44753	0.073032	-1.6725
1.1596	-0.6178	0.016754	-1.5401
1.2651	-0.76868	-0.056546	-1.3055
1.3705	-0.8895	-0.14426	-0.96978
1.4759	-0.9696	-0.24266	-0.53301
1.5813	-0.99833	-0.34689	0.0048358
1.6868	-0.96587	-0.45099	0.60262
1.7922	-0.87583	-0.54851	1.0825
1.8976	-0.74249	-0.63413	1.424
2.003	-0.58045	-0.70405	1.6271
2.1085	-0.40428	-0.75602	1.6918
2.2139	-0.22852	-0.78931	1.6231
2.3193	-0.065346	-0.80465	1.4575
2.4247	0.075655	-0.80387	1.2026
2.5301	0.18507	-0.7898	0.85825
2.6356	0.25347	-0.76629	0.42455
2.741	0.27156	-0.73813	-0.087454
2.8464	0.23864	-0.71084	-0.51381
2.9518	0.16816	-0.68914	-0.79991
3.0573	0.07491	-0.67619	-0.94575
3.1627	-0.026319	-0.67362	-0.95132
3.2681	-0.12075	-0.6815	-0.81778
3.3735	-0.19573	-0.69839	-0.59407
3.4789	-0.24376	-0.72182	-0.30629
3.5844	-0.25806	-0.7486	0.045556
3.6898	-0.2319	-0.77481	0.46148
3.7952	-0.15851	-0.79583	0.94133
3.9006	-0.035439	-0.80645	1.3674
4.0061	0.12429	-0.80202	1.6367
4.1115	0.30415	-0.77954	1.7493
4.2169	0.48762	-0.73776	1.7052
4.3223	0.65819	-0.67718	1.5044
4.4277	0.80063	-0.59999	1.1885
4.5332	0.90689	-0.50964	0.81865
4.6386	0.97136	-0.41024	0.39552
4.744	0.98841	-0.3065	-0.080911
4.8494	0.95243	-0.20371	-0.61065
4.9549	0.85944	-0.10771	-1.1319
5.0603	0.71939	-0.024152	-1.498
5.1657	0.54925	0.042909	-1.7028
5.2711	0.36603	0.091195	-1.7462
5.3766	0.18675	0.12022	-1.6282
5.482	0.027903	0.1313	-1.3721
5.5874	-0.10103	0.12716	-1.0673
5.6928	-0.19571	0.1112	-0.72225
5.7982	-0.25191	0.087248	-0.3371
5.9037	-0.26538	0.059587	0.088182
6.0091	-0.23229	0.032939	0.5306
6.1145	-0.15855	0.012048	0.84217
6.2199	-0.060252	0.00037186	0.9965
6.3254	0.04603	-0.00037512	0.99359
6.4308	0.14372	0.009775	0.83344
6.5362	0.21633	0.029043	0.52462
6.6416	0.25316	0.054118	0.17195
6.747	0.25214	0.081091	-0.1936
6.8525	0.21189	0.1059	-0.57202
6.9579	0.13108	0.12434	-0.96332
7.0633	0.0083568	0.13206	-1.3636
7.1687	-0.15213	0.12475	-1.653
7.2742	-0.33428	0.099228	-1.7747
7.3796	-0.52043	0.054132	-1.7288
7.485	-0.69289	-0.010021	-1.5151
7.5904	-0.83398	-0.090858	-1.1341
7.6958	-0.92963	-0.18424	-0.68047
7.8013	-0.97746	-0.28519	-0.22682
7.9067	-0.97746	-0.38865	0.22682
8.0121	-0.92963	-0.4896	0.68047
8.1175	-0.83398	-0.58298	1.1341
8.223	-0.69289	-0.66382	1.5151
8.3284	-0.52043	-0.72797	1.7288
8.4338	-0.33428	-0.77307	1.7747
8.5392	-0.15213	-0.79859	1.653
8.6447	0.0083568	-0.8059	1.3636
8.7501	0.13108	-0.79818	0.96332
8.8555	0.21189	-0.77974	0.57202
8.9609	0.25214	-0.75493	0.1936
9.0663	0.25316	-0.72796	-0.17195
9.1718	0.21633	-0.70288	-0.52462
9.2772	0.14372	-0.68361	-0.83344
9.3826	0.04603	-0.67346	-0.99359
9.488	-0.060252	-0.67421	-0.9965
9.5935	-0.15855	-0.68589	-0.84217
9.6989	-0.23229	-0.70678	-0.5306
9.8043	-0.26538	-0.73343	-0.088182
9.9097	-0.25191	-0.76109	0.3371
10.015	-0.19571	-0.78504	0.72225
10.121	-0.10103	-0.801	1.0673
10.226	0.027903	-0.80514	1.3721
10.331	0.18675	-0.79406	1.6282
10.437	0.36603	-0.76503	1.7462
10.542	0.54925	-0.71675	1.7028
10.648	0.71939	-0.64969	1.498
10.753	0.85944	-0.56612	1.1319
10.859	0.95243	-0.47013	0.61065
10.964	0.98841	-0.36734	0.080911
11.069	0.97136	-0.26359	-0.39552
11.175	0.90689	-0.1642	-0.81865
11.28	0.80063	-0.073849	-1.1885
11.386	0.65819	0.0033405	-1.5044
11.491	0.48762	0.063924	-1.7052
11.596	0.30415	0.1057	-1.7493
11.702	0.12429	0.12818	-1.6367
11.807	-0.035439	0.13261	-1.3674
11.913	-0.15851	0.122	-0.94133
12.018	-0.2319	0.10097	-0.46148
12.124	-0.25806	0.07476	-0.045556
12.229	-0.24376	0.047983	0.30629
12.334	-0.19573	0.02455	0.59407
12.44	-0.12075	0.0076606	0.81778
12.545	-0.026319	-0.00021602	0.95132
12.651	0.07491	0.0023505	0.94575
12.756	0.16816	0.015298	0.79991
12.862	0.23864	0.037006	0.51381
12.967	0.27156	0.064294	0.087454
13.072	0.25347	0.092448	-0.42455
13.178	0.18507	0.11597	-0.85825
13.283	0.075655	0.13003	-1.2026
13.389	-0.065346	0.13081	-1.4575
13.494	-0.22852	0.11547	-1.6231
13.6	-0.40428	0.08218	-1.6918
13.705	-0.58045	0.030214	-1.6271
13.81	-0.74249	-0.039708	-1.424
13.916	-0.87583	-0.12533	-1.0825
14.021	-0.96587	-0.22285	-0.60262
14.127	-0.99833	-0.32695	-0.0048358
14.232	-0.9696	-0.43118	0.53301
14.337	-0.8895	-0.52958	0.96978
14.443	-0.76868	-0.61729	1.3055
14.548	-0.6178	-0.69059	1.5401
14.654	-0.44753	-0.74687	1.6725
14.759	-0.26953	-0.78468	1.6828
14.865	-0.097279	-0.8039	1.5634
14.97	0.055548	-0.80587	1.3143
15.075	0.17529	-0.79335	0.93566
15.181	0.24828	-0.77055	0.42959
15.286	0.26699	-0.74294	-0.056742
15.392	0.24012	-0.71586	-0.435
15.497	0.17907	-0.69352	-0.70519
15.603	0.09523	-0.67891	-0.8673
15.708	5.8287e-16	-0.67384	-0.92133


z	GSL_cspline
0	0
0.10542	0.09523
0.21085	0.17907
0.31627	0.24012
0.42169	0.26699
0.52711	0.24828
0.63254	0.17529
0.73796	0.055548
0.84338	-0.097279
0.9488	-0.26953
1.0542	-0.44753
1.1596	-0.6178
1.2651	-0.76868
1.3705	-0.8895
1.4759	-0.9696
1.5813	-0.99833
1.6868	-0.96587
1.7922	-0.87583
1.8976	-0.74249
2.003	-0.58045
2.1085	-0.40428
2.2139	-0.22852
2.3193	-0.065346
2.4247	0.075655
2.5301	0.18507
2.6356	0.25347
2.741	0.27156
2.8464	0.23864
2.9518	0.16816
3.0573	0.07491
3.1627	-0.026319
3.2681	-0.12075
3.3735	-0.19573
3.4789	-0.24376
3.5844	-0.25806
3.6898	-0.2319
3.7952	-0.15851
3.9006	-0.035439
4.0061	0.12429
4.1115	0.30415
4.2169	0.48762
4.3223	0.65819
4.4277	0.80063
4.5332	0.90689
4.6386	0.97136
4.744	0.98841
4.8494	0.95243
4.9549	0.85944
5.0603	0.71939
5.1657	0.54925
5.2711	0.36603
5.3766	0.18675
5.482	0.027903
5.5874	-0.10103
5.6928	-0.19571
5.7982	-0.25191
5.9037	-0.26538
6.0091	-0.23229
6.1145	-0.15855
6.2199	-0.060252
6.3254	0.04603
6.4308	0.14372
6.5362	0.21633
6.6416	0.25316
6.747	0.25214
6.8525	0.21189
6.9579	0.13108
7.0633	0.0083568
7.1687	-0.15213
7.2742	-0.33428
7.3796	-0.52043
7.485	-0.69289
7.5904	-0.83398
7.6958	-0.92963
7.8013	-0.97746
7.9067	-0.97746
8.0121	-0.92963
8.1175	-0.83398
8.223	-0.69289
8.3284	-0.52043
8.4338	-0.33428
8.5392	-0.15213
8.6447	0.0083568
8.7501	0.13108
8.8555	0.21189
8.9609	0.25214
9.0663	0.25316
9.1718	0.21633
9.2772	0.14372
9.3826	0.04603
9.488	-0.060252
9.5935	-0.15855
9.6989	-0.23229
9.8043	-0.26538
9.9097	-0.25191
10.015	-0.19571
10.121	-0.10103
10.226	0.027903
10.331	0.18675
10.437	0.36603
10.542	0.54925
10.648	0.71939
10.753	0.85944
10.859	0.95243
10.964	0.98841
11.069	0.97136
11.175	0.90689
11.28	0.80063
11.386	0.65819
11.491	0.48762
11.596	0.30415
11.702	0.12429
11.807	-0.035439
11.913	-0.15851
12.018	-0.2319
12.124	-0.25806
12.229	-0.24376
12.334	-0.19573
12.44	-0.12075
12.545	-0.026319
12.651	0.07491
12.756	0.16816
12.862	0.23864
12.967	0.27156
13.072	0.25347
13.178	0.18507
13.283	0.075655
13.389	-0.065346
13.494	-0.22852
13.6	-0.40428
13.705	-0.58045
13.81	-0.74249
13.916	-0.87583
14.021	-0.96587
14.127	-0.99833
14.232	-0.9696
14.337	-0.8895
14.443	-0.76868
14.548	-0.6178
14.654	-0.44753
14.759	-0.26953
14.865	-0.097279
14.97	0.055548
15.075	0.17529
15.181	0.24828
15.286	0.26699
15.392	0.24012
15.497	0.17907
15.603	0.09523
15.708	5.8287e-16
