-1 -1 0.129945
-1 -0.894737 0.158627
-1 -0.789474 0.189396
-1 -0.684211 0.221178
-1 -0.578947 0.252631
-1 -0.473684 0.282233
-1 -0.368421 0.308394
-1 -0.263158 0.329593
-1 -0.157895 0.34453
-1 -0.0526316 0.35225
-1 0.0526316 0.35225
-1 0.157895 0.34453
-1 0.263158 0.329593
-1 0.368421 0.308394
-1 0.473684 0.282233
-1 0.578947 0.252631
-1 0.684211 0.221178
-1 0.789474 0.189396
-1 0.894737 0.158627
-1 1 0.129945
-0.894737 -1 0.11397
-0.894737 -0.894737 0.139126
-0.894737 -0.789474 0.166113
-0.894737 -0.684211 0.193987
-0.894737 -0.578947 0.221573
-0.894737 -0.473684 0.247536
-0.894737 -0.368421 0.270481
-0.894737 -0.263158 0.289074
-0.894737 -0.157895 0.302174
-0.894737 -0.0526316 0.308945
-0.894737 0.0526316 0.308945
-0.894737 0.157895 0.302174
-0.894737 0.263158 0.289074
-0.894737 0.368421 0.270481
-0.894737 0.473684 0.247536
-0.894737 0.578947 0.221573
-0.894737 0.684211 0.193987
-0.894737 0.789474 0.166113
-0.894737 0.894737 0.139126
-0.894737 1 0.11397
-0.789474 -1 0.045925
-0.789474 -0.894737 0.0560619
-0.789474 -0.789474 0.0669363
-0.789474 -0.684211 0.0781684
-0.789474 -0.578947 0.0892847
-0.789474 -0.473684 0.0997466
-0.789474 -0.368421 0.108992
-0.789474 -0.263158 0.116484
-0.789474 -0.157895 0.121763
-0.789474 -0.0526316 0.124492
-0.789474 0.0526316 0.124492
-0.789474 0.157895 0.121763
-0.789474 0.263158 0.116484
-0.789474 0.368421 0.108992
-0.789474 0.473684 0.0997466
-0.789474 0.578947 0.0892847
-0.789474 0.684211 0.0781684
-0.789474 0.789474 0.0669363
-0.789474 0.894737 0.0560619
-0.789474 1 0.045925
-0.684211 -1 -0.0661648
-0.684211 -0.894737 -0.0807691
-0.684211 -0.789474 -0.096436
-0.684211 -0.684211 -0.112618
-0.684211 -0.578947 -0.128634
-0.684211 -0.473684 -0.143706
-0.684211 -0.368421 -0.157026
-0.684211 -0.263158 -0.167821
-0.684211 -0.157895 -0.175426
-0.684211 -0.0526316 -0.179357
-0.684211 0.0526316 -0.179357
-0.684211 0.157895 -0.175426
-0.684211 0.263158 -0.167821
-0.684211 0.368421 -0.157026
-0.684211 0.473684 -0.143706
-0.684211 0.578947 -0.128634
-0.684211 0.684211 -0.112618
-0.684211 0.789474 -0.096436
-0.684211 0.894737 -0.0807691
-0.684211 1 -0.0661648
-0.578947 -1 -0.19195
-0.578947 -0.894737 -0.234319
-0.578947 -0.789474 -0.27977
-0.578947 -0.684211 -0.326717
-0.578947 -0.578947 -0.373179
-0.578947 -0.473684 -0.416906
-0.578947 -0.368421 -0.455549
-0.578947 -0.263158 -0.486864
-0.578947 -0.157895 -0.508928
-0.578947 -0.0526316 -0.520332
-0.578947 0.0526316 -0.520332
-0.578947 0.157895 -0.508928
-0.578947 0.263158 -0.486864
-0.578947 0.368421 -0.455549
-0.578947 0.473684 -0.416906
-0.578947 0.578947 -0.373179
-0.578947 0.684211 -0.326717
-0.578947 0.789474 -0.27977
-0.578947 0.894737 -0.234319
-0.578947 1 -0.19195
-0.473684 -1 -0.286411
-0.473684 -0.894737 -0.34963
-0.473684 -0.789474 -0.417448
-0.473684 -0.684211 -0.487498
-0.473684 -0.578947 -0.556824
-0.473684 -0.473684 -0.62207
-0.473684 -0.368421 -0.67973
-0.473684 -0.263158 -0.726456
-0.473684 -0.157895 -0.759377
-0.473684 -0.0526316 -0.776393
-0.473684 0.0526316 -0.776393
-0.473684 0.157895 -0.759377
-0.473684 0.263158 -0.726456
-0.473684 0.368421 -0.67973
-0.473684 0.473684 -0.62207
-0.473684 0.578947 -0.556824
-0.473684 0.684211 -0.487498
-0.473684 0.789474 -0.417448
-0.473684 0.894737 -0.34963
-0.473684 1 -0.286411
-0.368421 -1 -0.30689
-0.368421 -0.894737 -0.374628
-0.368421 -0.789474 -0.447295
-0.368421 -0.684211 -0.522353
-0.368421 -0.578947 -0.596636
-0.368421 -0.473684 -0.666547
-0.368421 -0.368421 -0.72833
-0.368421 -0.263158 -0.778396
-0.368421 -0.157895 -0.813672
-0.368421 -0.0526316 -0.831905
-0.368421 0.0526316 -0.831905
-0.368421 0.157895 -0.813672
-0.368421 0.263158 -0.778396
-0.368421 0.368421 -0.72833
-0.368421 0.473684 -0.666547
-0.368421 0.578947 -0.596636
-0.368421 0.684211 -0.522353
-0.368421 0.789474 -0.447295
-0.368421 0.894737 -0.374628
-0.368421 1 -0.30689
-0.263158 -1 -0.232722
-0.263158 -0.894737 -0.28409
-0.263158 -0.789474 -0.339196
-0.263158 -0.684211 -0.396114
-0.263158 -0.578947 -0.452445
-0.263158 -0.473684 -0.50546
-0.263158 -0.368421 -0.552311
-0.263158 -0.263158 -0.590278
-0.263158 -0.157895 -0.617029
-0.263158 -0.0526316 -0.630855
-0.263158 0.0526316 -0.630855
-0.263158 0.157895 -0.617029
-0.263158 0.263158 -0.590278
-0.263158 0.368421 -0.552311
-0.263158 0.473684 -0.50546
-0.263158 0.578947 -0.452445
-0.263158 0.684211 -0.396114
-0.263158 0.789474 -0.339196
-0.263158 0.894737 -0.28409
-0.263158 1 -0.232722
-0.157895 -1 -0.0778422
-0.157895 -0.894737 -0.095024
-0.157895 -0.789474 -0.113456
-0.157895 -0.684211 -0.132494
-0.157895 -0.578947 -0.151336
-0.157895 -0.473684 -0.169069
-0.157895 -0.368421 -0.18474
-0.157895 -0.263158 -0.197439
-0.157895 -0.157895 -0.206387
-0.157895 -0.0526316 -0.211012
-0.157895 0.0526316 -0.211012
-0.157895 0.157895 -0.206387
-0.157895 0.263158 -0.197439
-0.157895 0.368421 -0.18474
-0.157895 0.473684 -0.169069
-0.157895 0.578947 -0.151336
-0.157895 0.684211 -0.132494
-0.157895 0.789474 -0.113456
-0.157895 0.894737 -0.095024
-0.157895 1 -0.0778422
-0.0526316 -1 0.111089
-0.0526316 -0.894737 0.135609
-0.0526316 -0.789474 0.161914
-0.0526316 -0.684211 0.189083
-0.0526316 -0.578947 0.215973
-0.0526316 -0.473684 0.241279
-0.0526316 -0.368421 0.263643
-0.0526316 -0.263158 0.281767
-0.0526316 -0.157895 0.294536
-0.0526316 -0.0526316 0.301136
-0.0526316 0.0526316 0.301136
-0.0526316 0.157895 0.294536
-0.0526316 0.263158 0.281767
-0.0526316 0.368421 0.263643
-0.0526316 0.473684 0.241279
-0.0526316 0.578947 0.215973
-0.0526316 0.684211 0.189083
-0.0526316 0.789474 0.161914
-0.0526316 0.894737 0.135609
-0.0526316 1 0.111089
0.0526316 -1 0.271696
0.0526316 -0.894737 0.331666
0.0526316 -0.789474 0.396
0.0526316 -0.684211 0.46245
0.0526316 -0.578947 0.528215
0.0526316 -0.473684 0.590108
0.0526316 -0.368421 0.644805
0.0526316 -0.263158 0.689131
0.0526316 -0.157895 0.720361
0.0526316 -0.0526316 0.736503
0.0526316 0.0526316 0.736503
0.0526316 0.157895 0.720361
0.0526316 0.263158 0.689131
0.0526316 0.368421 0.644805
0.0526316 0.473684 0.590108
0.0526316 0.578947 0.528215
0.0526316 0.684211 0.46245
0.0526316 0.789474 0.396
0.0526316 0.894737 0.331666
0.0526316 1 0.271696
0.157895 -1 0.350899
0.157895 -0.894737 0.428352
0.157895 -0.789474 0.51144
0.157895 -0.684211 0.597261
0.157895 -0.578947 0.682197
0.157895 -0.473684 0.762133
0.157895 -0.368421 0.832776
0.157895 -0.263158 0.890022
0.157895 -0.157895 0.930356
0.157895 -0.0526316 0.951204
0.157895 0.0526316 0.951204
0.157895 0.157895 0.930356
0.157895 0.263158 0.890022
0.157895 0.368421 0.832776
0.157895 0.473684 0.762133
0.157895 0.578947 0.682197
0.157895 0.684211 0.597261
0.157895 0.789474 0.51144
0.157895 0.894737 0.428352
0.157895 1 0.350899
0.263158 -1 0.326291
0.263158 -0.894737 0.398312
0.263158 -0.789474 0.475574
0.263158 -0.684211 0.555376
0.263158 -0.578947 0.634356
0.263158 -0.473684 0.708687
0.263158 -0.368421 0.774375
0.263158 -0.263158 0.827607
0.263158 -0.157895 0.865112
0.263158 -0.0526316 0.884498
0.263158 0.0526316 0.884498
0.263158 0.157895 0.865112
0.263158 0.263158 0.827607
0.263158 0.368421 0.774375
0.263158 0.473684 0.708687
0.263158 0.578947 0.634356
0.263158 0.684211 0.555376
0.263158 0.789474 0.475574
0.263158 0.894737 0.398312
0.263158 1 0.326291
0.368421 -1 0.213876
0.368421 -0.894737 0.261084
0.368421 -0.789474 0.311727
0.368421 -0.684211 0.364036
0.368421 -0.578947 0.415805
0.368421 -0.473684 0.464527
0.368421 -0.368421 0.507584
0.368421 -0.263158 0.542476
0.368421 -0.157895 0.56706
0.368421 -0.0526316 0.579767
0.368421 0.0526316 0.579767
0.368421 0.157895 0.56706
0.368421 0.263158 0.542476
0.368421 0.368421 0.507584
0.368421 0.473684 0.464527
0.368421 0.578947 0.415805
0.368421 0.684211 0.364036
0.368421 0.789474 0.311727
0.368421 0.894737 0.261084
0.368421 1 0.213876
0.473684 -1 0.0590811
0.473684 -0.894737 0.0721219
0.473684 -0.789474 0.0861115
0.473684 -0.684211 0.100561
0.473684 -0.578947 0.114862
0.473684 -0.473684 0.128321
0.473684 -0.368421 0.140215
0.473684 -0.263158 0.149854
0.473684 -0.157895 0.156645
0.473684 -0.0526316 0.160155
0.473684 0.0526316 0.160155
0.473684 0.157895 0.156645
0.473684 0.263158 0.149854
0.473684 0.368421 0.140215
0.473684 0.473684 0.128321
0.473684 0.578947 0.114862
0.473684 0.684211 0.100561
0.473684 0.789474 0.0861115
0.473684 0.894737 0.0721219
0.473684 1 0.0590811
0.578947 -1 -0.0837494
0.578947 -0.894737 -0.102235
0.578947 -0.789474 -0.122066
0.578947 -0.684211 -0.142549
0.578947 -0.578947 -0.162821
0.578947 -0.473684 -0.181899
0.578947 -0.368421 -0.198759
0.578947 -0.263158 -0.212422
0.578947 -0.157895 -0.222049
0.578947 -0.0526316 -0.227025
0.578947 0.0526316 -0.227025
0.578947 0.157895 -0.222049
0.578947 0.263158 -0.212422
0.578947 0.368421 -0.198759
0.578947 0.473684 -0.181899
0.578947 0.578947 -0.162821
0.578947 0.684211 -0.142549
0.578947 0.789474 -0.122066
0.578947 0.894737 -0.102235
0.578947 1 -0.0837494
0.684211 -1 -0.173098
0.684211 -0.894737 -0.211306
0.684211 -0.789474 -0.252293
0.684211 -0.684211 -0.294629
0.684211 -0.578947 -0.336528
0.684211 -0.473684 -0.37596
0.684211 -0.368421 -0.410808
0.684211 -0.263158 -0.439048
0.684211 -0.157895 -0.458944
0.684211 -0.0526316 -0.469229
0.684211 0.0526316 -0.469229
0.684211 0.157895 -0.458944
0.684211 0.263158 -0.439048
0.684211 0.368421 -0.410808
0.684211 0.473684 -0.37596
0.684211 0.578947 -0.336528
0.684211 0.684211 -0.294629
0.684211 0.789474 -0.252293
0.684211 0.894737 -0.211306
0.684211 1 -0.173098
0.789474 -1 -0.193544
0.789474 -0.894737 -0.236264
0.789474 -0.789474 -0.282093
0.789474 -0.684211 -0.329429
0.789474 -0.578947 -0.376277
0.789474 -0.473684 -0.420367
0.789474 -0.368421 -0.459331
0.789474 -0.263158 -0.490906
0.789474 -0.157895 -0.513153
0.789474 -0.0526316 -0.524652
0.789474 0.0526316 -0.524652
0.789474 0.157895 -0.513153
0.789474 0.263158 -0.490906
0.789474 0.368421 -0.459331
0.789474 0.473684 -0.420367
0.789474 0.578947 -0.376277
0.789474 0.684211 -0.329429
0.789474 0.789474 -0.282093
0.789474 0.894737 -0.236264
0.789474 1 -0.193544
0.894737 -1 -0.156181
0.894737 -0.894737 -0.190654
0.894737 -0.789474 -0.227636
0.894737 -0.684211 -0.265834
0.894737 -0.578947 -0.303637
0.894737 -0.473684 -0.339216
0.894737 -0.368421 -0.370658
0.894737 -0.263158 -0.396138
0.894737 -0.157895 -0.41409
0.894737 -0.0526316 -0.423369
0.894737 0.0526316 -0.423369
0.894737 0.157895 -0.41409
0.894737 0.263158 -0.396138
0.894737 0.368421 -0.370658
0.894737 0.473684 -0.339216
0.894737 0.578947 -0.303637
0.894737 0.684211 -0.265834
0.894737 0.789474 -0.227636
0.894737 0.894737 -0.190654
0.894737 1 -0.156181
1 -1 -0.088461
1 -0.894737 -0.107987
1 -0.789474 -0.128933
1 -0.684211 -0.150569
1 -0.578947 -0.171981
1 -0.473684 -0.192133
1 -0.368421 -0.209941
1 -0.263158 -0.224373
1 -0.157895 -0.234541
1 -0.0526316 -0.239797
1 0.0526316 -0.239797
1 0.157895 -0.234541
1 0.263158 -0.224373
1 0.368421 -0.209941
1 0.473684 -0.192133
1 0.578947 -0.171981
1 0.684211 -0.150569
1 0.789474 -0.128933
1 0.894737 -0.107987
1 1 -0.088461


-1 -1 0.0643338
-1 -0.894737 0.134903
-1 -0.789474 0.191146
-1 -0.684211 0.235302
-1 -0.578947 0.270258
-1 -0.473684 0.298382
-1 -0.368421 0.320989
-1 -0.263158 0.338333
-1 -0.157895 0.349898
-1 -0.0526316 0.354794
-1 0.0526316 0.352154
-1 0.157895 0.341488
-1 0.263158 0.322946
-1 0.368421 0.297462
-1 0.473684 0.266726
-1 0.578947 0.233006
-1 0.684211 0.198823
-1 0.789474 0.166561
-1 0.894737 0.138112
-1 1 0.114628
-0.894737 -1 0.0496602
-0.894737 -0.894737 0.111197
-0.894737 -0.789474 0.159058
-0.894737 -0.684211 0.196643
-0.894737 -0.578947 0.227499
-0.894737 -0.473684 0.253983
-0.894737 -0.368421 0.276816
-0.894737 -0.263158 0.29539
-0.894737 -0.157895 0.308452
-0.894737 -0.0526316 0.314805
-0.894737 0.0526316 0.313785
-0.894737 0.157895 0.305458
-0.894737 0.263158 0.29058
-0.894737 0.368421 0.270412
-0.894737 0.473684 0.246489
-0.894737 0.578947 0.220388
-0.894737 0.684211 0.193551
-0.894737 0.789474 0.167169
-0.894737 0.894737 0.142133
-0.894737 1 0.119039
-0.789474 -1 0.00135209
-0.789474 -0.894737 0.0383584
-0.789474 -0.789474 0.0629544
-0.789474 -0.684211 0.0788908
-0.789474 -0.578947 0.0901259
-0.789474 -0.473684 0.0994357
-0.789474 -0.368421 0.107908
-0.789474 -0.263158 0.115239
-0.789474 -0.157895 0.120468
-0.789474 -0.0526316 0.122726
-0.789474 0.0526316 0.12172
-0.789474 0.157895 0.117842
-0.789474 0.263158 0.111967
-0.789474 0.368421 0.105091
-0.789474 0.473684 0.0979647
-0.789474 0.578947 0.0908705
-0.789474 0.684211 0.0835979
-0.789474 0.789474 0.0756079
-0.789474 0.894737 0.0663073
-0.789474 1 0.0553218
-0.684211 -1 -0.0905981
-0.684211 -0.894737 -0.0894954
-0.684211 -0.789474 -0.0981891
-0.684211 -0.684211 -0.113151
-0.684211 -0.578947 -0.130314
-0.684211 -0.473684 -0.146464
-0.684211 -0.368421 -0.159856
-0.684211 -0.263158 -0.170052
-0.684211 -0.157895 -0.177286
-0.684211 -0.0526316 -0.181774
-0.684211 0.0526316 -0.183295
-0.684211 0.157895 -0.181172
-0.684211 0.263158 -0.174596
-0.684211 0.368421 -0.163121
-0.684211 0.473684 -0.147093
-0.684211 0.578947 -0.127841
-0.684211 0.684211 -0.107531
-0.684211 0.789474 -0.0887187
-0.684211 0.894737 -0.0737595
-0.684211 1 -0.0642696
-0.578947 -1 -0.189131
-0.578947 -0.894737 -0.228786
-0.578947 -0.789474 -0.274945
-0.578947 -0.684211 -0.324294
-0.578947 -0.578947 -0.372683
-0.578947 -0.473684 -0.416489
-0.578947 -0.368421 -0.453328
-0.578947 -0.263158 -0.482041
-0.578947 -0.157895 -0.502184
-0.578947 -0.0526316 -0.51342
-0.578947 0.0526316 -0.515158
-0.578947 0.157895 -0.506597
-0.578947 0.263158 -0.487133
-0.578947 0.368421 -0.456939
-0.578947 0.473684 -0.417441
-0.578947 0.578947 -0.371483
-0.578947 0.684211 -0.32304
-0.578947 0.789474 -0.276548
-0.578947 0.894737 -0.236046
-0.578947 1 -0.204403
-0.473684 -1 -0.260558
-0.473684 -0.894737 -0.33356
-0.473684 -0.789474 -0.409917
-0.473684 -0.684211 -0.486431
-0.473684 -0.578947 -0.558931
-0.473684 -0.473684 -0.623578
-0.473684 -0.368421 -0.67763
-0.473684 -0.263158 -0.719534
-0.473684 -0.157895 -0.748505
-0.473684 -0.0526316 -0.763969
-0.473684 0.0526316 -0.765223
-0.473684 0.157895 -0.751501
-0.473684 0.263158 -0.722407
-0.473684 0.368421 -0.678551
-0.473684 0.473684 -0.622078
-0.473684 0.578947 -0.556836
-0.473684 0.684211 -0.48804
-0.473684 0.789474 -0.421465
-0.473684 0.894737 -0.362409
-0.473684 1 -0.314741
-0.368421 -1 -0.277126
-0.368421 -0.894737 -0.361324
-0.368421 -0.789474 -0.44673
-0.368421 -0.684211 -0.530477
-0.368421 -0.578947 -0.608705
-0.368421 -0.473684 -0.677778
-0.368421 -0.368421 -0.735057
-0.368421 -0.263158 -0.779042
-0.368421 -0.157895 -0.809007
-0.368421 -0.0526316 -0.82446
-0.368421 0.0526316 -0.824791
-0.368421 0.157895 -0.809299
-0.368421 0.263158 -0.777624
-0.368421 0.368421 -0.730396
-0.368421 0.473684 -0.669828
-0.368421 0.578947 -0.599952
-0.368421 0.684211 -0.526319
-0.368421 0.789474 -0.455188
-0.368421 0.894737 -0.392421
-0.368421 1 -0.34241
-0.263158 -1 -0.216327
-0.263158 -0.894737 -0.280859
-0.263158 -0.789474 -0.346115
-0.263158 -0.684211 -0.410008
-0.263158 -0.578947 -0.469488
-0.263158 -0.473684 -0.521635
-0.263158 -0.368421 -0.564411
-0.263158 -0.263158 -0.596817
-0.263158 -0.157895 -0.618552
-0.263158 -0.0526316 -0.629477
-0.263158 0.0526316 -0.629204
-0.263158 0.157895 -0.617058
-0.263158 0.263158 -0.592443
-0.263158 0.368421 -0.555485
-0.263158 0.473684 -0.50769
-0.263158 0.578947 -0.4523
-0.263158 0.684211 -0.39415
-0.263158 0.789474 -0.338972
-0.263158 0.894737 -0.292333
-0.263158 1 -0.258547
-0.157895 -1 -0.0804236
-0.157895 -0.894737 -0.0989146
-0.157895 -0.789474 -0.119164
-0.157895 -0.684211 -0.140255
-0.157895 -0.578947 -0.160349
-0.157895 -0.473684 -0.177661
-0.157895 -0.368421 -0.191157
-0.157895 -0.263158 -0.200704
-0.157895 -0.157895 -0.206748
-0.157895 -0.0526316 -0.209747
-0.157895 0.0526316 -0.209689
-0.157895 0.157895 -0.205928
-0.157895 0.263158 -0.197443
-0.157895 0.368421 -0.183437
-0.157895 0.473684 -0.164048
-0.157895 0.578947 -0.140884
-0.157895 0.684211 -0.117116
-0.157895 0.789474 -0.097015
-0.157895 0.894737 -0.0850604
-0.157895 1 -0.0848931
-0.0526316 -1 0.0932825
-0.0526316 -0.894737 0.129778
-0.0526316 -0.789474 0.163017
-0.0526316 -0.684211 0.192683
-0.0526316 -0.578947 0.219298
-0.0526316 -0.473684 0.243365
-0.0526316 -0.368421 0.264734
-0.0526316 -0.263158 0.282458
-0.0526316 -0.157895 0.295118
-0.0526316 -0.0526316 0.301425
-0.0526316 0.0526316 0.300808
-0.0526316 0.157895 0.293731
-0.0526316 0.263158 0.281599
-0.0526316 0.368421 0.266252
-0.0526316 0.473684 0.249203
-0.0526316 0.578947 0.230921
-0.0526316 0.684211 0.210442
-0.0526316 0.789474 0.185512
-0.0526316 0.894737 0.153233
-0.0526316 1 0.110993
0.0526316 -1 0.247899
0.0526316 -0.894737 0.327093
0.0526316 -0.789474 0.402281
0.0526316 -0.684211 0.472247
0.0526316 -0.578947 0.536478
0.0526316 -0.473684 0.5944
0.0526316 -0.368421 0.644803
0.0526316 -0.263158 0.685706
0.0526316 -0.157895 0.714677
0.0526316 -0.0526316 0.729474
0.0526316 0.0526316 0.728746
0.0526316 0.157895 0.71253
0.0526316 0.263158 0.68235
0.0526316 0.368421 0.640836
0.0526316 0.473684 0.59096
0.0526316 0.578947 0.535142
0.0526316 0.684211 0.474565
0.0526316 0.789474 0.408978
0.0526316 0.894737 0.337052
0.0526316 1 0.257173
0.157895 -1 0.332641
0.157895 -0.894737 0.428442
0.157895 -0.789474 0.520671
0.157895 -0.684211 0.607818
0.157895 -0.578947 0.688908
0.157895 -0.473684 0.762808
0.157895 -0.368421 0.827698
0.157895 -0.263158 0.880924
0.157895 -0.157895 0.919306
0.157895 -0.0526316 0.939792
0.157895 0.0526316 0.940252
0.157895 0.157895 0.920136
0.157895 0.263158 0.880763
0.157895 0.368421 0.825086
0.157895 0.473684 0.756955
0.157895 0.578947 0.680106
0.157895 0.684211 0.597235
0.157895 0.789474 0.509498
0.157895 0.894737 0.416617
0.157895 1 0.317526
0.263158 -1 0.320052
0.263158 -0.894737 0.404818
0.263158 -0.789474 0.487066
0.263158 -0.684211 0.565628
0.263158 -0.578947 0.639732
0.263158 -0.473684 0.708362
0.263158 -0.368421 0.769752
0.263158 -0.263158 0.821217
0.263158 -0.157895 0.85942
0.263158 -0.0526316 0.880993
0.263158 0.0526316 0.883359
0.263158 0.157895 0.865494
0.263158 0.263158 0.828351
0.263158 0.368421 0.774749
0.263158 0.473684 0.708698
0.263158 0.578947 0.634351
0.263158 0.684211 0.554933
0.263158 0.789474 0.47206
0.263158 0.894737 0.385662
0.263158 1 0.294538
0.368421 -1 0.213908
0.368421 -0.894737 0.268053
0.368421 -0.789474 0.320423
0.368421 -0.684211 0.370639
0.368421 -0.578947 0.418654
0.368421 -0.473684 0.464165
0.368421 -0.368421 0.506122
0.368421 -0.263158 0.542536
0.368421 -0.157895 0.570659
0.368421 -0.0526316 0.58753
0.368421 0.0526316 0.59074
0.368421 0.157895 0.579183
0.368421 0.263158 0.553527
0.368421 0.368421 0.516178
0.368421 0.473684 0.470683
0.368421 0.578947 0.420732
0.368421 0.684211 0.369087
0.368421 0.789474 0.316864
0.368421 0.894737 0.263401
0.368421 1 0.206759
0.473684 -1 0.0523688
0.473684 -0.894737 0.0688777
0.473684 -0.789474 0.0835646
0.473684 -0.684211 0.0969578
0.473684 -0.578947 0.109931
0.473684 -0.473684 0.123176
0.473684 -0.368421 0.136749
0.473684 -0.263158 0.14985
0.473684 -0.157895 0.160921
0.473684 -0.0526316 0.16806
0.473684 0.0526316 0.169648
0.473684 0.157895 0.164971
0.473684 0.263158 0.154628
0.473684 0.368421 0.140501
0.473684 0.473684 0.125247
0.473684 0.578947 0.111434
0.473684 0.684211 0.100636
0.473684 0.789474 0.0928274
0.473684 0.894737 0.0863223
0.473684 1 0.0782727
0.578947 -1 -0.101787
0.578947 -0.894737 -0.117301
0.578947 -0.789474 -0.135223
0.578947 -0.684211 -0.15434
0.578947 -0.578947 -0.173055
0.578947 -0.473684 -0.189829
0.578947 -0.368421 -0.203567
0.578947 -0.263158 -0.213833
0.578947 -0.157895 -0.220814
0.578947 -0.0526316 -0.225053
0.578947 0.0526316 -0.227037
0.578947 0.157895 -0.226785
0.578947 0.263158 -0.223613
0.578947 0.368421 -0.216217
0.578947 0.473684 -0.203098
0.578947 0.578947 -0.183191
0.578947 0.684211 -0.156479
0.578947 0.789474 -0.124316
0.578947 0.894737 -0.0893267
0.578947 1 -0.0548806
0.684211 -1 -0.191441
0.684211 -0.894737 -0.224906
0.684211 -0.789474 -0.261297
0.684211 -0.684211 -0.299156
0.684211 -0.578947 -0.336644
0.684211 -0.473684 -0.371862
0.684211 -0.368421 -0.403134
0.684211 -0.263158 -0.429155
0.684211 -0.157895 -0.448987
0.684211 -0.0526316 -0.461931
0.684211 0.0526316 -0.467348
0.684211 0.157895 -0.46453
0.684211 0.263158 -0.452711
0.684211 0.368421 -0.431258
0.684211 0.473684 -0.39999
0.684211 0.578947 -0.359528
0.684211 0.684211 -0.311483
0.684211 0.789474 -0.258399
0.684211 0.894737 -0.203392
0.684211 1 -0.149612
0.789474 -1 -0.198228
0.789474 -0.894737 -0.234508
0.789474 -0.789474 -0.273726
0.789474 -0.684211 -0.314644
0.789474 -0.578947 -0.355703
0.789474 -0.473684 -0.395211
0.789474 -0.368421 -0.431475
0.789474 -0.263158 -0.462845
0.789474 -0.157895 -0.487691
0.789474 -0.0526316 -0.504388
0.789474 0.0526316 -0.511378
0.789474 0.157895 -0.507354
0.789474 0.263158 -0.49156
0.789474 0.368421 -0.464117
0.789474 0.473684 -0.426257
0.789474 0.578947 -0.380329
0.789474 0.684211 -0.32952
0.789474 0.789474 -0.277319
0.789474 0.894737 -0.226878
0.789474 1 -0.180442
0.894737 -1 -0.148694
0.894737 -0.894737 -0.178285
0.894737 -0.789474 -0.210322
0.894737 -0.684211 -0.244068
0.894737 -0.578947 -0.278585
0.894737 -0.473684 -0.312766
0.894737 -0.368421 -0.345295
0.894737 -0.263158 -0.374558
0.894737 -0.157895 -0.398574
0.894737 -0.0526316 -0.415062
0.894737 0.0526316 -0.421735
0.894737 0.157895 -0.416796
0.894737 0.263158 -0.399546
0.894737 0.368421 -0.370864
0.894737 0.473684 -0.333361
0.894737 0.578947 -0.291062
0.894737 0.684211 -0.248628
0.894737 0.789474 -0.210346
0.894737 0.894737 -0.179181
0.894737 1 -0.156188
1 -1 -0.0883819
1 -0.894737 -0.109644
1 -0.789474 -0.132564
1 -0.684211 -0.156972
1 -0.578947 -0.182623
1 -0.473684 -0.209089
1 -0.368421 -0.235551
1 -0.263158 -0.260569
1 -0.157895 -0.28195
1 -0.0526316 -0.29689
1 0.0526316 -0.302459
1 0.157895 -0.296402
1 0.263158 -0.278023
1 0.368421 -0.248835
1 0.473684 -0.212658
1 0.578947 -0.175002
1 0.684211 -0.141863
1 0.789474 -0.11827
1 0.894737 -0.107053
1 1 -0.108234
