0	1	
0.001	1	
0.00227354	0.999997	
0.00375484	0.999993	
0.00538287	0.999986	
0.0071099	0.999975	
0.00890184	0.99996	
0.0107356	0.999942	
0.0125959	0.999921	
0.0144731	0.999895	
0.0163609	0.999866	
0.0182554	0.999833	
0.020154	0.999797	
0.0220552	0.999757	
0.0239581	0.999713	
0.025862	0.999666	
0.0277665	0.999615	
0.0296714	0.99956	
0.0315766	0.999502	
0.0334819	0.99944	
0.0353874	0.999374	
0.0372929	0.999305	
0.0391984	0.999232	
0.0411039	0.999155	
0.0430095	0.999075	
0.0449151	0.998991	
0.0468207	0.998904	
0.0487262	0.998813	
0.0506318	0.998718	
0.0525374	0.99862	
0.054443	0.998518	
0.0563486	0.998413	
0.0582542	0.998304	
0.0601598	0.998191	
0.0620654	0.998075	
0.0639709	0.997955	
0.0658765	0.997831	
0.0677821	0.997704	
0.0696877	0.997573	
0.0715933	0.997438	
0.0734989	0.9973	
0.0754045	0.997158	
0.0773101	0.997013	
0.0792157	0.996864	
0.0811213	0.996711	
0.0830268	0.996555	
0.0849324	0.996395	
0.086838	0.996232	
0.0887436	0.996065	
0.0906492	0.995894	
0.0925548	0.99572	
0.0944604	0.995542	
0.096366	0.99536	
0.0982716	0.995175	
0.100177	0.994986	
0.102083	0.994794	
0.103988	0.994598	
0.105894	0.994398	
0.1078	0.994195	
0.109705	0.993988	
0.111611	0.993778	
0.113516	0.993564	
0.115422	0.993346	
0.117327	0.993125	
0.119233	0.9929	
0.121139	0.992672	
0.123044	0.99244	
0.12495	0.992204	
0.126855	0.991965	
0.128761	0.991722	
0.130667	0.991475	
0.132572	0.991225	
0.134478	0.990971	
0.136383	0.990714	
0.138289	0.990453	
0.140195	0.990189	
0.1421	0.989921	
0.144006	0.989649	
0.145911	0.989374	
0.147817	0.989095	
0.149723	0.988813	
0.151628	0.988526	
0.153534	0.988237	
0.155439	0.987944	
0.157345	0.987647	
0.15925	0.987346	
0.161156	0.987042	
0.163062	0.986735	
0.164967	0.986424	
0.166873	0.986109	
0.168778	0.985791	
0.170684	0.985469	
0.17259	0.985143	
0.174495	0.984814	
0.176401	0.984482	
0.178306	0.984145	
0.180212	0.983806	
0.182118	0.983462	
0.184023	0.983115	
0.185929	0.982765	
0.187834	0.982411	
0.18974	0.982053	
0.191645	0.981692	
0.193551	0.981327	
0.195457	0.980959	
0.197362	0.980587	
0.199268	0.980212	
0.201173	0.979833	
0.203079	0.97945	
0.204985	0.979064	
0.20689	0.978674	
0.208796	0.978281	
0.210701	0.977884	
0.212607	0.977484	
0.214513	0.97708	
0.216418	0.976673	
0.218324	0.976262	
0.220229	0.975847	
0.222135	0.975429	
0.224041	0.975008	
0.225946	0.974583	
0.227852	0.974154	
0.229757	0.973722	
0.231663	0.973286	
0.233568	0.972847	
0.235474	0.972404	
0.23738	0.971958	
0.239285	0.971508	
0.241191	0.971054	
0.243096	0.970597	
0.245002	0.970137	
0.246908	0.969673	
0.248813	0.969205	
0.250719	0.968734	
0.252624	0.96826	
0.25453	0.967782	
0.256436	0.9673	
0.258341	0.966815	
0.260247	0.966327	
0.262152	0.965834	
0.264058	0.965339	
0.265964	0.96484	
0.267869	0.964337	
0.269775	0.963831	
0.27168	0.963321	
0.273586	0.962808	
0.275491	0.962292	
0.277397	0.961772	
0.279303	0.961248	
0.281208	0.960721	
0.283114	0.96019	
0.285019	0.959656	
0.286925	0.959119	
0.288831	0.958578	
0.290736	0.958033	
0.292642	0.957485	
0.294547	0.956934	
0.296453	0.956379	
0.298359	0.95582	
0.300264	0.955258	
0.30217	0.954693	
0.304075	0.954124	
0.305981	0.953552	
0.307886	0.952976	
0.309792	0.952397	
0.311698	0.951814	
0.313603	0.951228	
0.315509	0.950639	
0.317414	0.950046	
0.31932	0.949449	
0.321226	0.948849	
0.323131	0.948246	
0.325037	0.947639	
0.326942	0.947029	
0.328848	0.946415	
0.330754	0.945798	
0.332659	0.945177	
0.334565	0.944553	
0.33647	0.943926	
0.338376	0.943295	
0.340282	0.942661	
0.342187	0.942023	
0.344093	0.941382	
0.345998	0.940737	
0.347904	0.940089	
0.349809	0.939438	
0.351715	0.938783	
0.353621	0.938125	
0.355526	0.937463	
0.357432	0.936798	
0.359337	0.93613	
0.361243	0.935458	
0.363149	0.934783	
0.365054	0.934104	
0.36696	0.933422	
0.368865	0.932737	
0.370771	0.932048	
0.372677	0.931356	
0.374582	0.930661	
0.376488	0.929962	
0.378393	0.929259	
0.380299	0.928554	
0.382205	0.927845	
0.38411	0.927132	
0.386016	0.926417	
0.387921	0.925697	
0.389827	0.924975	
0.391732	0.924249	
0.393638	0.92352	
0.395544	0.922787	
0.397449	0.922051	
0.399355	0.921312	
0.40126	0.920569	
0.403166	0.919823	
0.405072	0.919074	
0.406977	0.918322	
0.408883	0.917566	
0.410788	0.916806	
0.412694	0.916044	
0.4146	0.915278	
0.416505	0.914508	
0.418411	0.913736	
0.420316	0.91296	
0.422222	0.912181	
0.424127	0.911398	
0.426033	0.910612	
0.427939	0.909823	
0.429844	0.909031	
0.43175	0.908235	
0.433655	0.907436	
0.435561	0.906633	
0.437467	0.905828	
0.439372	0.905019	
0.441278	0.904207	
0.443183	0.903391	
0.445089	0.902572	
0.446995	0.90175	
0.4489	0.900925	
0.450806	0.900096	
0.452711	0.899264	
0.454617	0.898429	
0.456523	0.897591	
0.458428	0.896749	
0.460334	0.895904	
0.462239	0.895056	
0.464145	0.894205	
0.46605	0.89335	
0.467956	0.892492	
0.469862	0.891631	
0.471767	0.890767	
0.473673	0.889899	
0.475578	0.889028	
0.477484	0.888154	
0.47939	0.887277	
0.481295	0.886396	
0.483201	0.885512	
0.485106	0.884625	
0.487012	0.883735	
0.488918	0.882842	
0.490823	0.881945	
0.492729	0.881045	
0.494634	0.880142	
0.49654	0.879236	
0.498446	0.878327	
0.500351	0.877414	
0.502257	0.876498	
0.504162	0.875579	
0.506068	0.874657	
0.507973	0.873732	
0.509879	0.872804	
0.511785	0.871872	
0.51369	0.870937	
0.515596	0.869999	
0.517501	0.869058	
0.519407	0.868114	
0.521313	0.867166	
0.523218	0.866216	
0.525124	0.865262	
0.527029	0.864305	
0.528935	0.863345	
0.530841	0.862382	
0.532746	0.861416	
0.534652	0.860446	
0.536557	0.859474	
0.538463	0.858498	
0.540369	0.857519	
0.542274	0.856537	
0.54418	0.855552	
0.546085	0.854564	
0.547991	0.853573	
0.549896	0.852579	
0.551802	0.851581	
0.553708	0.850581	
0.555613	0.849577	
0.557519	0.84857	
0.559424	0.847561	
0.56133	0.846548	
0.563236	0.845532	
0.565141	0.844513	
0.567047	0.843491	
0.568952	0.842466	
0.570858	0.841438	
0.572764	0.840406	
0.574669	0.839372	
0.576575	0.838335	
0.57848	0.837295	
0.580386	0.836251	
0.582291	0.835205	
0.584197	0.834155	
0.586103	0.833103	
0.588008	0.832047	
0.589914	0.830989	
0.591819	0.829927	
0.593725	0.828862	
0.595631	0.827795	
0.597536	0.826724	
0.599442	0.825651	
0.601347	0.824574	
0.603253	0.823494	
0.605159	0.822412	
0.607064	0.821326	
0.60897	0.820238	
0.610875	0.819146	
0.612781	0.818052	
0.614687	0.816954	
0.616592	0.815854	
0.618498	0.81475	
0.620403	0.813644	
0.622309	0.812535	
0.624214	0.811422	
0.62612	0.810307	
0.628026	0.809189	
0.629931	0.808068	
0.631837	0.806944	
0.633742	0.805817	
0.635648	0.804687	
0.637554	0.803554	
0.639459	0.802419	
0.641365	0.80128	
0.64327	0.800138	
0.645176	0.798994	
0.647082	0.797847	
0.648987	0.796696	
0.650893	0.795543	
0.652798	0.794387	
0.654704	0.793228	
0.65661	0.792066	
0.658515	0.790902	
0.660421	0.789734	
0.662326	0.788564	
0.664232	0.787391	
0.666137	0.786214	
0.668043	0.785035	
0.669949	0.783854	
0.671854	0.782669	
0.67376	0.781481	
0.675665	0.780291	
0.677571	0.779098	
0.679477	0.777902	
0.681382	0.776703	
0.683288	0.775501	
0.685193	0.774297	
0.687099	0.773089	
0.689005	0.771879	
0.69091	0.770666	
0.692816	0.769451	
0.694721	0.768232	
0.696627	0.767011	
0.698532	0.765787	
0.700438	0.76456	
0.702344	0.76333	
0.704249	0.762098	
0.706155	0.760863	
0.70806	0.759625	
0.709966	0.758384	
0.711872	0.757141	
0.713777	0.755894	
0.715683	0.754645	
0.717588	0.753394	
0.719494	0.752139	
0.7214	0.750882	
0.723305	0.749622	
0.725211	0.74836	
0.727116	0.747094	
0.729022	0.745826	
0.730928	0.744556	
0.732833	0.743282	
0.734739	0.742006	
0.736644	0.740727	
0.73855	0.739446	
0.740455	0.738161	
0.742361	0.736874	
0.744267	0.735585	
0.746172	0.734293	
0.748078	0.732998	
0.749983	0.7317	
0.751889	0.7304	
0.753795	0.729097	
0.7557	0.727792	
0.757606	0.726483	
0.759511	0.725173	
0.761417	0.723859	
0.763323	0.722543	
0.765228	0.721224	
0.767134	0.719903	
0.769039	0.718579	
0.770945	0.717253	
0.772851	0.715923	
0.774756	0.714592	
0.776662	0.713257	
0.778567	0.71192	
0.780473	0.710581	
0.782378	0.709239	
0.784284	0.707894	
0.78619	0.706547	
0.788095	0.705197	
0.790001	0.703845	
0.791906	0.70249	
0.793812	0.701132	
0.795718	0.699772	
0.797623	0.69841	
0.799529	0.697045	
0.801434	0.695677	
0.80334	0.694307	
0.805246	0.692934	
0.807151	0.691559	
0.809057	0.690181	
0.810962	0.688801	
0.812868	0.687418	
0.814773	0.686033	
0.816679	0.684646	
0.818585	0.683255	
0.82049	0.681863	
0.822396	0.680468	
0.824301	0.67907	
0.826207	0.67767	
0.828113	0.676267	
0.830018	0.674862	
0.831924	0.673455	
0.833829	0.672045	
0.835735	0.670633	
0.837641	0.669218	
0.839546	0.667801	
0.841452	0.666381	
0.843357	0.664959	
0.845263	0.663535	
0.847169	0.662108	
0.849074	0.660678	
0.85098	0.659247	
0.852885	0.657813	
0.854791	0.656376	
0.856696	0.654937	
0.858602	0.653496	
0.860508	0.652053	
0.862413	0.650607	
0.864319	0.649158	
0.866224	0.647708	
0.86813	0.646255	
0.870036	0.644799	
0.871941	0.643342	
0.873847	0.641882	
0.875752	0.640419	
0.877658	0.638954	
0.879564	0.637487	
0.881469	0.636018	
0.883375	0.634546	
0.88528	0.633073	
0.887186	0.631596	
0.889092	0.630118	
0.890997	0.628637	
0.892903	0.627154	
0.894808	0.625668	
0.896714	0.624181	
0.898619	0.622691	
0.900525	0.621199	
0.902431	0.619704	
0.904336	0.618207	
0.906242	0.616709	
0.908147	0.615207	
0.910053	0.613704	
0.911959	0.612198	
0.913864	0.61069	
0.91577	0.60918	
0.917675	0.607668	
0.919581	0.606153	
0.921487	0.604637	
0.923392	0.603118	
0.925298	0.601597	
0.927203	0.600074	
0.929109	0.598548	
0.931014	0.59702	
0.93292	0.595491	
0.934826	0.593959	
0.936731	0.592425	
0.938637	0.590888	
0.940542	0.58935	
0.942448	0.587809	
0.944354	0.586267	
0.946259	0.584722	
0.948165	0.583175	
0.95007	0.581626	
0.951976	0.580075	
0.953882	0.578521	
0.955787	0.576966	
0.957693	0.575409	
0.959598	0.573849	
0.961504	0.572287	
0.96341	0.570724	
0.965315	0.569158	
0.967221	0.56759	
0.969126	0.56602	
0.971032	0.564448	
0.972937	0.562874	
0.974843	0.561298	
0.976749	0.55972	
0.978654	0.55814	
0.98056	0.556558	
0.982465	0.554973	
0.984371	0.553387	
0.986277	0.551799	
0.988182	0.550209	
0.990088	0.548616	
0.991993	0.547022	
0.993899	0.545426	
0.995805	0.543828	
0.99771	0.542228	
0.999616	0.540626	
1.00152	0.539022	
1.00343	0.537415	
1.00533	0.535807	
1.00724	0.534198	
1.00914	0.532586	
1.01105	0.530972	
1.01295	0.529356	
1.01486	0.527738	
1.01677	0.526119	
1.01867	0.524497	
1.02058	0.522874	
1.02248	0.521249	
1.02439	0.519622	
1.02629	0.517992	
1.0282	0.516361	
1.03011	0.514729	
1.03201	0.513094	
1.03392	0.511457	
1.03582	0.509819	
1.03773	0.508179	
1.03963	0.506537	
1.04154	0.504893	
1.04344	0.503247	
1.04535	0.501599	
1.04726	0.49995	
1.04916	0.498299	
1.05107	0.496646	
1.05297	0.494991	
1.05488	0.493334	
1.05678	0.491676	
1.05869	0.490015	
1.06059	0.488353	
1.0625	0.486689	
1.06441	0.485024	
1.06631	0.483357	
1.06822	0.481688	
1.07012	0.480017	
1.07203	0.478344	
1.07393	0.47667	
1.07584	0.474994	
1.07774	0.473316	
1.07965	0.471637	
1.08156	0.469955	
1.08346	0.468272	
1.08537	0.466588	
1.08727	0.464902	
1.08918	0.463214	
1.09108	0.461524	
1.09299	0.459833	
1.0949	0.45814	
1.0968	0.456445	
1.09871	0.454749	
1.10061	0.453051	
1.10252	0.451351	
1.10442	0.44965	
1.10633	0.447947	
1.10823	0.446242	
1.11014	0.444536	
1.11205	0.442828	
1.11395	0.441119	
1.11586	0.439408	
1.11776	0.437695	
1.11967	0.435981	
1.12157	0.434266	
1.12348	0.432548	
1.12538	0.430829	
1.12729	0.429109	
1.1292	0.427387	
1.1311	0.425663	
1.13301	0.423938	
1.13491	0.422212	
1.13682	0.420483	
1.13872	0.418754	
1.14063	0.417023	
1.14254	0.41529	
1.14444	0.413556	
1.14635	0.41182	
1.14825	0.410083	
1.15016	0.408344	
1.15206	0.406604	
1.15397	0.404862	
1.15587	0.403119	
1.15778	0.401374	
1.15969	0.399628	
1.16159	0.39788	
1.1635	0.396131	
1.1654	0.394381	
1.16731	0.392629	
1.16921	0.390876	
1.17112	0.389121	
1.17302	0.387365	
1.17493	0.385608	
1.17684	0.383849	
1.17874	0.382088	
1.18065	0.380327	
1.18255	0.378564	
1.18446	0.376799	
1.18636	0.375033	
1.18827	0.373266	
1.19017	0.371498	
1.19208	0.369728	
1.19399	0.367957	
1.19589	0.366184	
1.1978	0.36441	
1.1997	0.362635	
1.20161	0.360858	
1.20351	0.35908	
1.20542	0.357301	
1.20733	0.355521	
1.20923	0.353739	
1.21114	0.351956	
1.21304	0.350172	
1.21495	0.348386	
1.21685	0.346599	
1.21876	0.344811	
1.22066	0.343022	
1.22257	0.341231	
1.22448	0.339439	
1.22638	0.337646	
1.22829	0.335852	
1.23019	0.334057	
1.2321	0.33226	
1.234	0.330462	
1.23591	0.328663	
1.23781	0.326862	
1.23972	0.325061	
1.24163	0.323258	
1.24353	0.321454	
1.24544	0.319649	
1.24734	0.317843	
1.24925	0.316036	
1.25115	0.314227	
1.25306	0.312418	
1.25496	0.310607	
1.25687	0.308795	
1.25878	0.306982	
1.26068	0.305168	
1.26259	0.303353	
1.26449	0.301536	
1.2664	0.299719	
1.2683	0.2979	
1.27021	0.296081	
1.27212	0.29426	
1.27402	0.292438	
1.27593	0.290615	
1.27783	0.288792	
1.27974	0.286967	
1.28164	0.285141	
1.28355	0.283314	
1.28545	0.281486	
1.28736	0.279657	
1.28927	0.277827	
1.29117	0.275996	
1.29308	0.274163	
1.29498	0.27233	
1.29689	0.270496	
1.29879	0.268661	
1.3007	0.266825	
1.3026	0.264988	
1.30451	0.26315	
1.30642	0.261311	
1.30832	0.259472	
1.31023	0.257631	
1.31213	0.255789	
1.31404	0.253946	
1.31594	0.252103	
1.31785	0.250258	
1.31975	0.248413	
1.32166	0.246567	
1.32357	0.244719	
1.32547	0.242871	
1.32738	0.241022	
1.32928	0.239172	
1.33119	0.237322	
1.33309	0.23547	
1.335	0.233618	
1.33691	0.231764	
1.33881	0.22991	
1.34072	0.228055	
1.34262	0.2262	
1.34453	0.224343	
1.34643	0.222486	
1.34834	0.220627	
1.35024	0.218768	
1.35215	0.216908	
1.35406	0.215048	
1.35596	0.213186	
1.35787	0.211324	
1.35977	0.209461	
1.36168	0.207598	
1.36358	0.205733	
1.36549	0.203868	
1.36739	0.202002	
1.3693	0.200135	
1.37121	0.198268	
1.37311	0.1964	
1.37502	0.194531	
1.37692	0.192661	
1.37883	0.190791	
1.38073	0.18892	
1.38264	0.187049	
1.38454	0.185176	
1.38645	0.183303	
1.38836	0.18143	
1.39026	0.179556	
1.39217	0.177681	
1.39407	0.175805	
1.39598	0.173929	
1.39788	0.172052	
1.39979	0.170174	
1.4017	0.168296	
1.4036	0.166418	
1.40551	0.164538	
1.40741	0.162658	
1.40932	0.160778	
1.41122	0.158897	
1.41313	0.157015	
1.41503	0.155133	
1.41694	0.15325	
1.41885	0.151367	
1.42075	0.149483	
1.42266	0.147598	
1.42456	0.145713	
1.42647	0.143828	
1.42837	0.141942	
1.43028	0.140055	
1.43218	0.138168	
1.43409	0.136281	
1.436	0.134393	
1.4379	0.132504	
1.43981	0.130615	
1.44171	0.128725	
1.44362	0.126836	
1.44552	0.124945	
1.44743	0.123054	
1.44934	0.121163	
1.45124	0.119271	
1.45315	0.117379	
1.45505	0.115486	
1.45696	0.113593	
1.45886	0.1117	
1.46077	0.109806	
1.46267	0.107912	
1.46458	0.106017	
1.46649	0.104122	
1.46839	0.102226	
1.4703	0.100331	
1.4722	0.0984346	
1.47411	0.096538	
1.47601	0.0946412	
1.47792	0.092744	
1.47982	0.0908464	
1.48173	0.0889485	
1.48364	0.0870504	
1.48554	0.0851518	
1.48745	0.083253	
1.48935	0.0813539	
1.49126	0.0794545	
1.49316	0.0775548	
1.49507	0.0756548	
1.49697	0.0737545	
1.49888	0.071854	
1.50079	0.0699532	
1.50269	0.0680521	
1.5046	0.0661508	
1.5065	0.0642493	
1.50841	0.0623475	
1.51031	0.0604455	
1.51222	0.0585433	
1.51413	0.0566409	
1.51603	0.0547383	
1.51794	0.0528354	
1.51984	0.0509324	
1.52175	0.0490292	
1.52365	0.0471258	
1.52556	0.0452223	
1.52746	0.0433185	
1.52937	0.0414147	
1.53128	0.0395106	
1.53318	0.0376065	
1.53509	0.0357021	
1.53699	0.0337977	
1.5389	0.0318931	
1.5408	0.0299885	
1.54271	0.0280837	
1.54461	0.0261788	
1.54652	0.0242738	
1.54843	0.0223687	
1.55033	0.0204636	
1.55224	0.0185584	
1.55414	0.0166531	
1.55605	0.0147477	
1.55795	0.0128423	
1.55986	0.0109368	
1.56176	0.00903135	
1.56367	0.00712582	
1.56558	0.00522027	
1.56748	0.00331469	
1.56939	0.00140911	
1.57129	-0.00049648	
1.5732	-0.00240207	
1.5751	-0.00430765	
1.57701	-0.00621321	
1.57892	-0.00811875	
1.58082	-0.0100243	
1.58273	-0.0119297	
1.58463	-0.0138352	
1.58654	-0.0157406	
1.58844	-0.0176459	
1.59035	-0.0195511	
1.59225	-0.0214563	
1.59416	-0.0233614	
1.59607	-0.0252665	
1.59797	-0.0271714	
1.59988	-0.0290762	
1.60178	-0.030981	
1.60369	-0.0328856	
1.60559	-0.0347901	
1.6075	-0.0366945	
1.6094	-0.0385987	
1.61131	-0.0405028	
1.61322	-0.0424067	
1.61512	-0.0443105	
1.61703	-0.0462142	
1.61893	-0.0481176	
1.62084	-0.0500209	
1.62274	-0.0519241	
1.62465	-0.053827	
1.62655	-0.0557297	
1.62846	-0.0576322	
1.63037	-0.0595346	
1.63227	-0.0614367	
1.63418	-0.0633385	
1.63608	-0.0652402	
1.63799	-0.0671416	
1.63989	-0.0690428	
1.6418	-0.0709437	
1.64371	-0.0728443	
1.64561	-0.0747447	
1.64752	-0.0766448	
1.64942	-0.0785447	
1.65133	-0.0804443	
1.65323	-0.0823435	
1.65514	-0.0842425	
1.65704	-0.0861412	
1.65895	-0.0880395	
1.66086	-0.0899375	
1.66276	-0.0918352	
1.66467	-0.0937326	
1.66657	-0.0956296	
1.66848	-0.0975263	
1.67038	-0.0994226	
1.67229	-0.101319	
1.67419	-0.103214	
1.6761	-0.105109	
1.67801	-0.107004	
1.67991	-0.108899	
1.68182	-0.110793	
1.68372	-0.112686	
1.68563	-0.11458	
1.68753	-0.116473	
1.68944	-0.118365	
1.69134	-0.120257	
1.69325	-0.122148	
1.69516	-0.12404	
1.69706	-0.12593	
1.69897	-0.12782	
1.70087	-0.12971	
1.70278	-0.131599	
1.70468	-0.133488	
1.70659	-0.135376	
1.7085	-0.137264	
1.7104	-0.139152	
1.71231	-0.141038	
1.71421	-0.142925	
1.71612	-0.14481	
1.71802	-0.146696	
1.71993	-0.14858	
1.72183	-0.150465	
1.72374	-0.152348	
1.72565	-0.154231	
1.72755	-0.156114	
1.72946	-0.157996	
1.73136	-0.159877	
1.73327	-0.161758	
1.73517	-0.163638	
1.73708	-0.165518	
1.73898	-0.167397	
1.74089	-0.169275	
1.7428	-0.171153	
1.7447	-0.17303	
1.74661	-0.174906	
1.74851	-0.176782	
1.75042	-0.178658	
1.75232	-0.180532	
1.75423	-0.182406	
1.75614	-0.184279	
1.75804	-0.186152	
1.75995	-0.188024	
1.76185	-0.189895	
1.76376	-0.191766	
1.76566	-0.193636	
1.76757	-0.195505	
1.76947	-0.197373	
1.77138	-0.199241	
1.77329	-0.201108	
1.77519	-0.202974	
1.7771	-0.20484	
1.779	-0.206705	
1.78091	-0.208569	
1.78281	-0.210432	
1.78472	-0.212295	
1.78662	-0.214156	
1.78853	-0.216017	
1.79044	-0.217878	
1.79234	-0.219737	
1.79425	-0.221596	
1.79615	-0.223453	
1.79806	-0.22531	
1.79996	-0.227167	
1.80187	-0.229022	
1.80377	-0.230877	
1.80568	-0.23273	
1.80759	-0.234583	
1.80949	-0.236435	
1.8114	-0.238286	
1.8133	-0.240136	
1.81521	-0.241986	
1.81711	-0.243834	
1.81902	-0.245682	
1.82093	-0.247529	
1.82283	-0.249375	
1.82474	-0.25122	
1.82664	-0.253064	
1.82855	-0.254907	
1.83045	-0.256749	
1.83236	-0.25859	
1.83426	-0.26043	
1.83617	-0.26227	
1.83808	-0.264108	
1.83998	-0.265946	
1.84189	-0.267782	
1.84379	-0.269618	
1.8457	-0.271452	
1.8476	-0.273286	
1.84951	-0.275118	
1.85141	-0.27695	
1.85332	-0.27878	
1.85523	-0.28061	
1.85713	-0.282438	
1.85904	-0.284266	
1.86094	-0.286092	
1.86285	-0.287918	
1.86475	-0.289742	
1.86666	-0.291565	
1.86856	-0.293388	
1.87047	-0.295209	
1.87238	-0.297029	
1.87428	-0.298848	
1.87619	-0.300666	
1.87809	-0.302483	
1.88	-0.304299	
1.8819	-0.306113	
1.88381	-0.307927	
1.88572	-0.309739	
1.88762	-0.311551	
1.88953	-0.313361	
1.89143	-0.31517	
1.89334	-0.316978	
1.89524	-0.318785	
1.89715	-0.32059	
1.89905	-0.322395	
1.90096	-0.324198	
1.90287	-0.326	
1.90477	-0.327801	
1.90668	-0.3296	
1.90858	-0.331399	
1.91049	-0.333196	
1.91239	-0.334992	
1.9143	-0.336787	
1.9162	-0.338581	
1.91811	-0.340373	
1.92002	-0.342165	
1.92192	-0.343954	
1.92383	-0.345743	
1.92573	-0.347531	
1.92764	-0.349317	
1.92954	-0.351102	
1.93145	-0.352885	
1.93335	-0.354668	
1.93526	-0.356449	
1.93717	-0.358229	
1.93907	-0.360007	
1.94098	-0.361784	
1.94288	-0.36356	
1.94479	-0.365335	
1.94669	-0.367108	
1.9486	-0.36888	
1.95051	-0.37065	
1.95241	-0.372419	
1.95432	-0.374187	
1.95622	-0.375954	
1.95813	-0.377719	
1.96003	-0.379482	
1.96194	-0.381245	
1.96384	-0.383006	
1.96575	-0.384765	
1.96766	-0.386524	
1.96956	-0.38828	
1.97147	-0.390036	
1.97337	-0.39179	
1.97528	-0.393542	
1.97718	-0.395293	
1.97909	-0.397043	
1.98099	-0.398791	
1.9829	-0.400538	
1.98481	-0.402283	
1.98671	-0.404027	
1.98862	-0.40577	
1.99052	-0.407511	
1.99243	-0.40925	
1.99433	-0.410988	
1.99624	-0.412724	
1.99815	-0.414459	
2.00005	-0.416193	
2.00196	-0.417925	
2.00386	-0.419655	
2.00577	-0.421384	
2.00767	-0.423112	
2.00958	-0.424837	
2.01148	-0.426562	
2.01339	-0.428284	
2.0153	-0.430006	
2.0172	-0.431725	
2.01911	-0.433443	
2.02101	-0.43516	
2.02292	-0.436875	
2.02482	-0.438588	
2.02673	-0.4403	
2.02863	-0.44201	
2.03054	-0.443718	
2.03245	-0.445425	
2.03435	-0.447131	
2.03626	-0.448834	
2.03816	-0.450536	
2.04007	-0.452237	
2.04197	-0.453936	
2.04388	-0.455633	
2.04578	-0.457328	
2.04769	-0.459022	
2.0496	-0.460714	
2.0515	-0.462405	
2.05341	-0.464093	
2.05531	-0.46578	
2.05722	-0.467466	
2.05912	-0.46915	
2.06103	-0.470832	
2.06294	-0.472512	
2.06484	-0.47419	
2.06675	-0.475867	
2.06865	-0.477542	
2.07056	-0.479216	
2.07246	-0.480888	
2.07437	-0.482557	
2.07627	-0.484226	
2.07818	-0.485892	
2.08009	-0.487557	
2.08199	-0.48922	
2.0839	-0.490881	
2.0858	-0.49254	
2.08771	-0.494197	
2.08961	-0.495853	
2.09152	-0.497507	
2.09342	-0.499159	
2.09533	-0.50081	
2.09724	-0.502458	
2.09914	-0.504105	
2.10105	-0.50575	
2.10295	-0.507393	
2.10486	-0.509034	
2.10676	-0.510673	
2.10867	-0.51231	
2.11057	-0.513946	
2.11248	-0.51558	
2.11439	-0.517212	
2.11629	-0.518842	
2.1182	-0.52047	
2.1201	-0.522096	
2.12201	-0.52372	
2.12391	-0.525343	
2.12582	-0.526963	
2.12773	-0.528582	
2.12963	-0.530198	
2.13154	-0.531813	
2.13344	-0.533426	
2.13535	-0.535037	
2.13725	-0.536646	
2.13916	-0.538253	
2.14106	-0.539858	
2.14297	-0.541461	
2.14488	-0.543062	
2.14678	-0.544661	
2.14869	-0.546258	
2.15059	-0.547853	
2.1525	-0.549446	
2.1544	-0.551038	
2.15631	-0.552627	
2.15821	-0.554214	
2.16012	-0.555799	
2.16203	-0.557382	
2.16393	-0.558963	
2.16584	-0.560542	
2.16774	-0.562119	
2.16965	-0.563694	
2.17155	-0.565267	
2.17346	-0.566838	
2.17536	-0.568407	
2.17727	-0.569974	
2.17918	-0.571539	
2.18108	-0.573101	
2.18299	-0.574662	
2.18489	-0.57622	
2.1868	-0.577777	
2.1887	-0.579331	
2.19061	-0.580883	
2.19252	-0.582433	
2.19442	-0.583981	
2.19633	-0.585527	
2.19823	-0.587071	
2.20014	-0.588612	
2.20204	-0.590152	
2.20395	-0.591689	
2.20585	-0.593224	
2.20776	-0.594757	
2.20967	-0.596288	
2.21157	-0.597817	
2.21348	-0.599343	
2.21538	-0.600868	
2.21729	-0.60239	
2.21919	-0.60391	
2.2211	-0.605427	
2.223	-0.606943	
2.22491	-0.608456	
2.22682	-0.609967	
2.22872	-0.611476	
2.23063	-0.612983	
2.23253	-0.614488	
2.23444	-0.61599	
2.23634	-0.61749	
2.23825	-0.618988	
2.24015	-0.620483	
2.24206	-0.621976	
2.24397	-0.623467	
2.24587	-0.624956	
2.24778	-0.626443	
2.24968	-0.627927	
2.25159	-0.629409	
2.25349	-0.630888	
2.2554	-0.632366	
2.25731	-0.633841	
2.25921	-0.635314	
2.26112	-0.636784	
2.26302	-0.638252	
2.26493	-0.639718	
2.26683	-0.641181	
2.26874	-0.642643	
2.27064	-0.644101	
2.27255	-0.645558	
2.27446	-0.647012	
2.27636	-0.648464	
2.27827	-0.649913	
2.28017	-0.65136	
2.28208	-0.652805	
2.28398	-0.654248	
2.28589	-0.655687	
2.28779	-0.657125	
2.2897	-0.65856	
2.29161	-0.659993	
2.29351	-0.661424	
2.29542	-0.662852	
2.29732	-0.664277	
2.29923	-0.6657	
2.30113	-0.667121	
2.30304	-0.668539	
2.30495	-0.669955	
2.30685	-0.671369	
2.30876	-0.67278	
2.31066	-0.674189	
2.31257	-0.675595	
2.31447	-0.676998	
2.31638	-0.6784	
2.31828	-0.679798	
2.32019	-0.681195	
2.3221	-0.682589	
2.324	-0.68398	
2.32591	-0.685369	
2.32781	-0.686755	
2.32972	-0.688139	
2.33162	-0.689521	
2.33353	-0.6909	
2.33543	-0.692276	
2.33734	-0.69365	
2.33925	-0.695021	
2.34115	-0.69639	
2.34306	-0.697756	
2.34496	-0.69912	
2.34687	-0.700481	
2.34877	-0.70184	
2.35068	-0.703196	
2.35258	-0.70455	
2.35449	-0.705901	
2.3564	-0.707249	
2.3583	-0.708595	
2.36021	-0.709938	
2.36211	-0.711279	
2.36402	-0.712617	
2.36592	-0.713953	
2.36783	-0.715286	
2.36974	-0.716616	
2.37164	-0.717944	
2.37355	-0.719269	
2.37545	-0.720592	
2.37736	-0.721912	
2.37926	-0.723229	
2.38117	-0.724544	
2.38307	-0.725856	
2.38498	-0.727165	
2.38689	-0.728472	
2.38879	-0.729776	
2.3907	-0.731078	
2.3926	-0.732377	
2.39451	-0.733673	
2.39641	-0.734966	
2.39832	-0.736257	
2.40022	-0.737545	
2.40213	-0.738831	
2.40404	-0.740114	
2.40594	-0.741394	
2.40785	-0.742671	
2.40975	-0.743946	
2.41166	-0.745218	
2.41356	-0.746487	
2.41547	-0.747754	
2.41737	-0.749018	
2.41928	-0.750279	
2.42119	-0.751538	
2.42309	-0.752793	
2.425	-0.754046	
2.4269	-0.755297	
2.42881	-0.756544	
2.43071	-0.757789	
2.43262	-0.759031	
2.43453	-0.76027	
2.43643	-0.761507	
2.43834	-0.76274	
2.44024	-0.763971	
2.44215	-0.7652	
2.44405	-0.766425	
2.44596	-0.767648	
2.44786	-0.768867	
2.44977	-0.770084	
2.45168	-0.771299	
2.45358	-0.77251	
2.45549	-0.773719	
2.45739	-0.774925	
2.4593	-0.776128	
2.4612	-0.777328	
2.46311	-0.778525	
2.46501	-0.77972	
2.46692	-0.780912	
2.46883	-0.7821	
2.47073	-0.783287	
2.47264	-0.78447	
2.47454	-0.78565	
2.47645	-0.786828	
2.47835	-0.788002	
2.48026	-0.789174	
2.48216	-0.790343	
2.48407	-0.791509	
2.48598	-0.792672	
2.48788	-0.793833	
2.48979	-0.79499	
2.49169	-0.796144	
2.4936	-0.797296	
2.4955	-0.798445	
2.49741	-0.799591	
2.49932	-0.800734	
2.50122	-0.801874	
2.50313	-0.803011	
2.50503	-0.804145	
2.50694	-0.805276	
2.50884	-0.806405	
2.51075	-0.80753	
2.51265	-0.808653	
2.51456	-0.809772	
2.51647	-0.810889	
2.51837	-0.812002	
2.52028	-0.813113	
2.52218	-0.814221	
2.52409	-0.815326	
2.52599	-0.816428	
2.5279	-0.817527	
2.5298	-0.818622	
2.53171	-0.819715	
2.53362	-0.820805	
2.53552	-0.821892	
2.53743	-0.822976	
2.53933	-0.824057	
2.54124	-0.825135	
2.54314	-0.82621	
2.54505	-0.827283	
2.54695	-0.828352	
2.54886	-0.829418	
2.55077	-0.830481	
2.55267	-0.831541	
2.55458	-0.832598	
2.55648	-0.833652	
2.55839	-0.834702	
2.56029	-0.83575	
2.5622	-0.836795	
2.56411	-0.837837	
2.56601	-0.838876	
2.56792	-0.839912	
2.56982	-0.840944	
2.57173	-0.841974	
2.57363	-0.843	
2.57554	-0.844024	
2.57744	-0.845044	
2.57935	-0.846062	
2.58126	-0.847076	
2.58316	-0.848087	
2.58507	-0.849095	
2.58697	-0.8501	
2.58888	-0.851102	
2.59078	-0.852101	
2.59269	-0.853097	
2.59459	-0.85409	
2.5965	-0.855079	
2.59841	-0.856066	
2.60031	-0.857049	
2.60222	-0.85803	
2.60412	-0.859007	
2.60603	-0.859981	
2.60793	-0.860952	
2.60984	-0.861919	
2.61175	-0.862884	
2.61365	-0.863846	
2.61556	-0.864804	
2.61746	-0.865759	
2.61937	-0.866711	
2.62127	-0.86766	
2.62318	-0.868606	
2.62508	-0.869549	
2.62699	-0.870488	
2.6289	-0.871425	
2.6308	-0.872358	
2.63271	-0.873288	
2.63461	-0.874215	
2.63652	-0.875138	
2.63842	-0.876059	
2.64033	-0.876976	
2.64223	-0.87789	
2.64414	-0.878801	
2.64605	-0.879709	
2.64795	-0.880613	
2.64986	-0.881515	
2.65176	-0.882413	
2.65367	-0.883308	
2.65557	-0.884199	
2.65748	-0.885088	
2.65938	-0.885973	
2.66129	-0.886855	
2.6632	-0.887734	
2.6651	-0.88861	
2.66701	-0.889482	
2.66891	-0.890351	
2.67082	-0.891217	
2.67272	-0.89208	
2.67463	-0.89294	
2.67654	-0.893796	
2.67844	-0.894649	
2.68035	-0.895498	
2.68225	-0.896345	
2.68416	-0.897188	
2.68606	-0.898028	
2.68797	-0.898865	
2.68987	-0.899698	
2.69178	-0.900529	
2.69369	-0.901355	
2.69559	-0.902179	
2.6975	-0.902999	
2.6994	-0.903816	
2.70131	-0.90463	
2.70321	-0.905441	
2.70512	-0.906248	
2.70702	-0.907052	
2.70893	-0.907853	
2.71084	-0.90865	
2.71274	-0.909444	
2.71465	-0.910235	
2.71655	-0.911022	
2.71846	-0.911806	
2.72036	-0.912587	
2.72227	-0.913365	
2.72417	-0.914139	
2.72608	-0.91491	
2.72799	-0.915677	
2.72989	-0.916441	
2.7318	-0.917202	
2.7337	-0.91796	
2.73561	-0.918714	
2.73751	-0.919465	
2.73942	-0.920213	
2.74133	-0.920957	
2.74323	-0.921698	
2.74514	-0.922435	
2.74704	-0.923169	
2.74895	-0.9239	
2.75085	-0.924628	
2.75276	-0.925352	
2.75466	-0.926073	
2.75657	-0.92679	
2.75848	-0.927504	
2.76038	-0.928215	
2.76229	-0.928922	
2.76419	-0.929626	
2.7661	-0.930326	
2.768	-0.931023	
2.76991	-0.931717	
2.77181	-0.932408	
2.77372	-0.933095	
2.77563	-0.933778	
2.77753	-0.934458	
2.77944	-0.935135	
2.78134	-0.935809	
2.78325	-0.936479	
2.78515	-0.937145	
2.78706	-0.937809	
2.78896	-0.938468	
2.79087	-0.939125	
2.79278	-0.939778	
2.79468	-0.940427	
2.79659	-0.941074	
2.79849	-0.941716	
2.8004	-0.942356	
2.8023	-0.942992	
2.80421	-0.943624	
2.80612	-0.944253	
2.80802	-0.944879	
2.80993	-0.945501	
2.81183	-0.94612	
2.81374	-0.946735	
2.81564	-0.947347	
2.81755	-0.947956	
2.81945	-0.948561	
2.82136	-0.949162	
2.82327	-0.94976	
2.82517	-0.950355	
2.82708	-0.950946	
2.82898	-0.951534	
2.83089	-0.952118	
2.83279	-0.952699	
2.8347	-0.953277	
2.8366	-0.953851	
2.83851	-0.954421	
2.84042	-0.954988	
2.84232	-0.955552	
2.84423	-0.956112	
2.84613	-0.956668	
2.84804	-0.957221	
2.84994	-0.957771	
2.85185	-0.958317	
2.85376	-0.95886	
2.85566	-0.959399	
2.85757	-0.959935	
2.85947	-0.960467	
2.86138	-0.960996	
2.86328	-0.961521	
2.86519	-0.962043	
2.86709	-0.962561	
2.869	-0.963076	
2.87091	-0.963587	
2.87281	-0.964095	
2.87472	-0.964599	
2.87662	-0.9651	
2.87853	-0.965597	
2.88043	-0.966091	
2.88234	-0.966582	
2.88424	-0.967068	
2.88615	-0.967552	
2.88806	-0.968031	
2.88996	-0.968508	
2.89187	-0.96898	
2.89377	-0.969449	
2.89568	-0.969915	
2.89758	-0.970377	
2.89949	-0.970836	
2.90139	-0.971291	
2.9033	-0.971742	
2.90521	-0.972191	
2.90711	-0.972635	
2.90902	-0.973076	
2.91092	-0.973513	
2.91283	-0.973947	
2.91473	-0.974378	
2.91664	-0.974805	
2.91855	-0.975228	
2.92045	-0.975648	
2.92236	-0.976064	
2.92426	-0.976476	
2.92617	-0.976886	
2.92807	-0.977291	
2.92998	-0.977693	
2.93188	-0.978092	
2.93379	-0.978487	
2.9357	-0.978878	
2.9376	-0.979266	
2.93951	-0.97965	
2.94141	-0.980031	
2.94332	-0.980408	
2.94522	-0.980781	
2.94713	-0.981151	
2.94903	-0.981518	
2.95094	-0.981881	
2.95285	-0.98224	
2.95475	-0.982596	
2.95666	-0.982948	
2.95856	-0.983297	
2.96047	-0.983642	
2.96237	-0.983983	
2.96428	-0.984321	
2.96618	-0.984655	
2.96809	-0.984986	
2.97	-0.985313	
2.9719	-0.985637	
2.97381	-0.985957	
2.97571	-0.986273	
2.97762	-0.986586	
2.97952	-0.986896	
2.98143	-0.987201	
2.98334	-0.987503	
2.98524	-0.987802	
2.98715	-0.988097	
2.98905	-0.988388	
2.99096	-0.988676	
2.99286	-0.98896	
2.99477	-0.989241	
2.99667	-0.989518	
2.99858	-0.989791	
3.00049	-0.990061	
3.00239	-0.990327	
3.0043	-0.99059	
3.0062	-0.990849	
3.00811	-0.991104	
3.01001	-0.991356	
3.01192	-0.991604	
3.01382	-0.991849	
3.01573	-0.99209	
3.01764	-0.992327	
3.01954	-0.992561	
3.02145	-0.992791	
3.02335	-0.993018	
3.02526	-0.993241	
3.02716	-0.99346	
3.02907	-0.993676	
3.03097	-0.993888	
3.03288	-0.994097	
3.03479	-0.994302	
3.03669	-0.994503	
3.0386	-0.994701	
3.0405	-0.994895	
3.04241	-0.995085	
3.04431	-0.995272	
3.04622	-0.995455	
3.04813	-0.995635	
3.05003	-0.995811	
3.05194	-0.995984	
3.05384	-0.996152	
3.05575	-0.996318	
3.05765	-0.996479	
3.05956	-0.996637	
3.06146	-0.996791	
3.06337	-0.996942	
3.06528	-0.997089	
3.06718	-0.997233	
3.06909	-0.997373	
3.07099	-0.997509	
3.0729	-0.997641	
3.0748	-0.99777	
3.07671	-0.997896	
3.07861	-0.998018	
3.08052	-0.998136	
3.08243	-0.99825	
3.08433	-0.998361	
3.08624	-0.998468	
3.08814	-0.998572	
3.09005	-0.998672	
3.09195	-0.998768	
3.09386	-0.998861	
3.09576	-0.99895	
3.09767	-0.999036	
3.09958	-0.999117	
3.10148	-0.999196	
3.10339	-0.99927	
3.10529	-0.999341	
3.1072	-0.999409	
3.1091	-0.999472	
3.11101	-0.999532	
3.11292	-0.999589	
3.11482	-0.999642	
3.11673	-0.999691	
3.11863	-0.999736	
3.12054	-0.999778	
3.12244	-0.999817	
3.12435	-0.999851	
3.12625	-0.999882	
3.12816	-0.99991	
3.13007	-0.999934	
3.13197	-0.999954	
3.13388	-0.99997	
3.13578	-0.999983	
3.13769	-0.999992	
3.13959	-0.999998	
3.1415	-1	
3.1434	-0.999998	
3.14531	-0.999993	
3.14722	-0.999984	
3.14912	-0.999972	
3.15103	-0.999955	
3.15293	-0.999936	
3.15484	-0.999912	
3.15674	-0.999885	
3.15865	-0.999855	
3.16056	-0.99982	
3.16246	-0.999782	
3.16437	-0.999741	
3.16627	-0.999695	
3.16818	-0.999647	
3.17008	-0.999594	
3.17199	-0.999538	
3.17389	-0.999478	
3.1758	-0.999415	
3.17771	-0.999348	
3.17961	-0.999277	
3.18152	-0.999203	
3.18342	-0.999125	
3.18533	-0.999044	
3.18723	-0.998959	
3.18914	-0.99887	
3.19104	-0.998778	
3.19295	-0.998681	
3.19486	-0.998582	
3.19676	-0.998479	
3.19867	-0.998372	
3.20057	-0.998261	
3.20248	-0.998147	
3.20438	-0.998029	
3.20629	-0.997908	
3.20819	-0.997783	
3.2101	-0.997654	
3.21201	-0.997522	
3.21391	-0.997386	
3.21582	-0.997247	
3.21772	-0.997104	
3.21963	-0.996957	
3.22153	-0.996806	
3.22344	-0.996652	
3.22535	-0.996495	
3.22725	-0.996334	
3.22916	-0.996169	
3.23106	-0.996	
3.23297	-0.995828	
3.23487	-0.995653	
3.23678	-0.995473	
3.23868	-0.99529	
3.24059	-0.995104	
3.2425	-0.994914	
3.2444	-0.99472	
3.24631	-0.994523	
3.24821	-0.994322	
3.25012	-0.994117	
3.25202	-0.993909	
3.25393	-0.993697	
3.25583	-0.993481	
3.25774	-0.993262	
3.25965	-0.99304	
3.26155	-0.992814	
3.26346	-0.992584	
3.26536	-0.99235	
3.26727	-0.992113	
3.26917	-0.991873	
3.27108	-0.991628	
3.27298	-0.99138	
3.27489	-0.991129	
3.2768	-0.990874	
3.2787	-0.990615	
3.28061	-0.990353	
3.28251	-0.990087	
3.28442	-0.989818	
3.28632	-0.989545	
3.28823	-0.989268	
3.29014	-0.988988	
3.29204	-0.988704	
3.29395	-0.988417	
3.29585	-0.988126	
3.29776	-0.987831	
3.29966	-0.987533	
3.30157	-0.987231	
3.30347	-0.986926	
3.30538	-0.986617	
3.30729	-0.986304	
3.30919	-0.985988	
3.3111	-0.985669	
3.313	-0.985345	
3.31491	-0.985018	
3.31681	-0.984688	
3.31872	-0.984354	
3.32062	-0.984017	
3.32253	-0.983675	
3.32444	-0.983331	
3.32634	-0.982982	
3.32825	-0.982631	
3.33015	-0.982275	
3.33206	-0.981916	
3.33396	-0.981554	
3.33587	-0.981188	
3.33777	-0.980818	
3.33968	-0.980445	
3.34159	-0.980068	
3.34349	-0.979688	
3.3454	-0.979304	
3.3473	-0.978916	
3.34921	-0.978525	
3.35111	-0.978131	
3.35302	-0.977732	
3.35493	-0.977331	
3.35683	-0.976926	
3.35874	-0.976517	
3.36064	-0.976104	
3.36255	-0.975689	
3.36445	-0.975269	
3.36636	-0.974846	
3.36826	-0.97442	
3.37017	-0.97399	
3.37208	-0.973556	
3.37398	-0.973119	
3.37589	-0.972678	
3.37779	-0.972234	
3.3797	-0.971787	
3.3816	-0.971335	
3.38351	-0.970881	
3.38541	-0.970422	
3.38732	-0.969961	
3.38923	-0.969495	
3.39113	-0.969026	
3.39304	-0.968554	
3.39494	-0.968078	
3.39685	-0.967599	
3.39875	-0.967116	
3.40066	-0.966629	
3.40257	-0.96614	
3.40447	-0.965646	
3.40638	-0.965149	
3.40828	-0.964649	
3.41019	-0.964145	
3.41209	-0.963637	
3.414	-0.963126	
3.4159	-0.962612	
3.41781	-0.962094	
3.41972	-0.961573	
3.42162	-0.961048	
3.42353	-0.960519	
3.42543	-0.959987	
3.42734	-0.959452	
3.42924	-0.958913	
3.43115	-0.958371	
3.43305	-0.957825	
3.43496	-0.957276	
3.43687	-0.956723	
3.43877	-0.956166	
3.44068	-0.955607	
3.44258	-0.955044	
3.44449	-0.954477	
3.44639	-0.953907	
3.4483	-0.953333	
3.4502	-0.952756	
3.45211	-0.952176	
3.45402	-0.951592	
3.45592	-0.951004	
3.45783	-0.950413	
3.45973	-0.949819	
3.46164	-0.949221	
3.46354	-0.94862	
3.46545	-0.948015	
3.46736	-0.947407	
3.46926	-0.946795	
3.47117	-0.94618	
3.47307	-0.945562	
3.47498	-0.94494	
3.47688	-0.944315	
3.47879	-0.943686	
3.48069	-0.943054	
3.4826	-0.942418	
3.48451	-0.941779	
3.48641	-0.941137	
3.48832	-0.940491	
3.49022	-0.939842	
3.49213	-0.939189	
3.49403	-0.938533	
3.49594	-0.937874	
3.49784	-0.937211	
3.49975	-0.936544	
3.50166	-0.935875	
3.50356	-0.935202	
3.50547	-0.934525	
3.50737	-0.933845	
3.50928	-0.933162	
3.51118	-0.932475	
3.51309	-0.931785	
3.51499	-0.931092	
3.5169	-0.930395	
3.51881	-0.929695	
3.52071	-0.928991	
3.52262	-0.928284	
3.52452	-0.927574	
3.52643	-0.92686	
3.52833	-0.926143	
3.53024	-0.925423	
3.53215	-0.924699	
3.53405	-0.923972	
3.53596	-0.923241	
3.53786	-0.922507	
3.53977	-0.92177	
3.54167	-0.92103	
3.54358	-0.920286	
3.54548	-0.919539	
3.54739	-0.918788	
3.5493	-0.918034	
3.5512	-0.917277	
3.55311	-0.916516	
3.55501	-0.915752	
3.55692	-0.914985	
3.55882	-0.914215	
3.56073	-0.913441	
3.56263	-0.912664	
3.56454	-0.911883	
3.56645	-0.911099	
3.56835	-0.910312	
3.57026	-0.909522	
3.57216	-0.908728	
3.57407	-0.907931	
3.57597	-0.907131	
3.57788	-0.906327	
3.57978	-0.90552	
3.58169	-0.90471	
3.5836	-0.903897	
3.5855	-0.90308	
3.58741	-0.90226	
3.58931	-0.901436	
3.59122	-0.90061	
3.59312	-0.89978	
3.59503	-0.898947	
3.59694	-0.89811	
3.59884	-0.897271	
3.60075	-0.896428	
3.60265	-0.895582	
3.60456	-0.894732	
3.60646	-0.89388	
3.60837	-0.893024	
3.61027	-0.892165	
3.61218	-0.891302	
3.61409	-0.890437	
3.61599	-0.889568	
3.6179	-0.888696	
3.6198	-0.88782	
3.62171	-0.886942	
3.62361	-0.88606	
3.62552	-0.885175	
3.62742	-0.884287	
3.62933	-0.883395	
3.63124	-0.882501	
3.63314	-0.881603	
3.63505	-0.880702	
3.63695	-0.879798	
3.63886	-0.87889	
3.64076	-0.87798	
3.64267	-0.877066	
3.64457	-0.876149	
3.64648	-0.875229	
3.64839	-0.874305	
3.65029	-0.873379	
3.6522	-0.872449	
3.6541	-0.871516	
3.65601	-0.87058	
3.65791	-0.869641	
3.65982	-0.868699	
3.66173	-0.867753	
3.66363	-0.866805	
3.66554	-0.865853	
3.66744	-0.864898	
3.66935	-0.86394	
3.67125	-0.862979	
3.67316	-0.862014	
3.67506	-0.861047	
3.67697	-0.860076	
3.67888	-0.859102	
3.68078	-0.858126	
3.68269	-0.857146	
3.68459	-0.856163	
3.6865	-0.855176	
3.6884	-0.854187	
3.69031	-0.853195	
3.69221	-0.852199	
3.69412	-0.851201	
3.69603	-0.850199	
3.69793	-0.849194	
3.69984	-0.848186	
3.70174	-0.847175	
3.70365	-0.846161	
3.70555	-0.845144	
3.70746	-0.844124	
3.70937	-0.843101	
3.71127	-0.842075	
3.71318	-0.841045	
3.71508	-0.840013	
3.71699	-0.838978	
3.71889	-0.837939	
3.7208	-0.836898	
3.7227	-0.835853	
3.72461	-0.834805	
3.72652	-0.833755	
3.72842	-0.832701	
3.73033	-0.831644	
3.73223	-0.830585	
3.73414	-0.829522	
3.73604	-0.828456	
3.73795	-0.827388	
3.73985	-0.826316	
3.74176	-0.825241	
3.74367	-0.824163	
3.74557	-0.823083	
3.74748	-0.821999	
3.74938	-0.820912	
3.75129	-0.819822	
3.75319	-0.81873	
3.7551	-0.817634	
3.757	-0.816536	
3.75891	-0.815434	
3.76082	-0.814329	
3.76272	-0.813222	
3.76463	-0.812112	
3.76653	-0.810998	
3.76844	-0.809882	
3.77034	-0.808763	
3.77225	-0.80764	
3.77416	-0.806515	
3.77606	-0.805387	
3.77797	-0.804256	
3.77987	-0.803122	
3.78178	-0.801985	
3.78368	-0.800846	
3.78559	-0.799703	
3.78749	-0.798557	
3.7894	-0.797409	
3.79131	-0.796258	
3.79321	-0.795103	
3.79512	-0.793946	
3.79702	-0.792786	
3.79893	-0.791623	
3.80083	-0.790458	
3.80274	-0.789289	
3.80464	-0.788117	
3.80655	-0.786943	
3.80846	-0.785766	
3.81036	-0.784586	
3.81227	-0.783403	
3.81417	-0.782217	
3.81608	-0.781028	
3.81798	-0.779837	
3.81989	-0.778643	
3.82179	-0.777446	
3.8237	-0.776246	
3.82561	-0.775043	
3.82751	-0.773837	
3.82942	-0.772629	
3.83132	-0.771418	
3.83323	-0.770204	
3.83513	-0.768987	
3.83704	-0.767767	
3.83895	-0.766545	
3.84085	-0.76532	
3.84276	-0.764092	
3.84466	-0.762861	
3.84657	-0.761628	
3.84847	-0.760392	
3.85038	-0.759153	
3.85228	-0.757911	
3.85419	-0.756666	
3.8561	-0.755419	
3.858	-0.754169	
3.85991	-0.752916	
3.86181	-0.751661	
3.86372	-0.750403	
3.86562	-0.749142	
3.86753	-0.747878	
3.86943	-0.746612	
3.87134	-0.745343	
3.87325	-0.744071	
3.87515	-0.742796	
3.87706	-0.741519	
3.87896	-0.740239	
3.88087	-0.738957	
3.88277	-0.737672	
3.88468	-0.736384	
3.88658	-0.735093	
3.88849	-0.7338	
3.8904	-0.732504	
3.8923	-0.731205	
3.89421	-0.729904	
3.89611	-0.7286	
3.89802	-0.727294	
3.89992	-0.725985	
3.90183	-0.724673	
3.90374	-0.723358	
3.90564	-0.722041	
3.90755	-0.720722	
3.90945	-0.719399	
3.91136	-0.718074	
3.91326	-0.716747	
3.91517	-0.715417	
3.91707	-0.714084	
3.91898	-0.712749	
3.92089	-0.711411	
3.92279	-0.71007	
3.9247	-0.708727	
3.9266	-0.707381	
3.92851	-0.706033	
3.93041	-0.704682	
3.93232	-0.703329	
3.93422	-0.701973	
3.93613	-0.700615	
3.93804	-0.699254	
3.93994	-0.69789	
3.94185	-0.696524	
3.94375	-0.695156	
3.94566	-0.693785	
3.94756	-0.692411	
3.94947	-0.691035	
3.95137	-0.689656	
3.95328	-0.688275	
3.95519	-0.686891	
3.95709	-0.685505	
3.959	-0.684116	
3.9609	-0.682725	
3.96281	-0.681332	
3.96471	-0.679936	
3.96662	-0.678537	
3.96853	-0.677136	
3.97043	-0.675733	
3.97234	-0.674327	
3.97424	-0.672918	
3.97615	-0.671507	
3.97805	-0.670094	
3.97996	-0.668679	
3.98186	-0.66726	
3.98377	-0.66584	
3.98568	-0.664417	
3.98758	-0.662992	
3.98949	-0.661564	
3.99139	-0.660134	
3.9933	-0.658701	
3.9952	-0.657266	
3.99711	-0.655829	
3.99901	-0.654389	
4.00092	-0.652947	
4.00283	-0.651502	
4.00473	-0.650055	
4.00664	-0.648606	
4.00854	-0.647155	
4.01045	-0.645701	
4.01235	-0.644245	
4.01426	-0.642786	
4.01617	-0.641325	
4.01807	-0.639862	
4.01998	-0.638396	
4.02188	-0.636928	
4.02379	-0.635458	
4.02569	-0.633985	
4.0276	-0.632511	
4.0295	-0.631034	
4.03141	-0.629554	
4.03332	-0.628072	
4.03522	-0.626588	
4.03713	-0.625102	
4.03903	-0.623614	
4.04094	-0.622123	
4.04284	-0.62063	
4.04475	-0.619134	
4.04665	-0.617637	
4.04856	-0.616137	
4.05047	-0.614635	
4.05237	-0.613131	
4.05428	-0.611624	
4.05618	-0.610116	
4.05809	-0.608605	
4.05999	-0.607092	
4.0619	-0.605576	
4.0638	-0.604059	
4.06571	-0.602539	
4.06762	-0.601017	
4.06952	-0.599493	
4.07143	-0.597967	
4.07333	-0.596438	
4.07524	-0.594908	
4.07714	-0.593375	
4.07905	-0.59184	
4.08096	-0.590303	
4.08286	-0.588764	
4.08477	-0.587222	
4.08667	-0.585679	
4.08858	-0.584133	
4.09048	-0.582585	
4.09239	-0.581035	
4.09429	-0.579483	
4.0962	-0.577929	
4.09811	-0.576373	
4.10001	-0.574815	
4.10192	-0.573255	
4.10382	-0.571692	
4.10573	-0.570128	
4.10763	-0.568561	
4.10954	-0.566992	
4.11144	-0.565422	
4.11335	-0.563849	
4.11526	-0.562274	
4.11716	-0.560697	
4.11907	-0.559118	
4.12097	-0.557537	
4.12288	-0.555955	
4.12478	-0.55437	
4.12669	-0.552783	
4.12859	-0.551194	
4.1305	-0.549603	
4.13241	-0.54801	
4.13431	-0.546415	
4.13622	-0.544818	
4.13812	-0.543219	
4.14003	-0.541618	
4.14193	-0.540015	
4.14384	-0.53841	
4.14575	-0.536803	
4.14765	-0.535195	
4.14956	-0.533584	
4.15146	-0.531971	
4.15337	-0.530357	
4.15527	-0.52874	
4.15718	-0.527122	
4.15908	-0.525502	
4.16099	-0.523879	
4.1629	-0.522255	
4.1648	-0.520629	
4.16671	-0.519001	
4.16861	-0.517372	
4.17052	-0.51574	
4.17242	-0.514106	
4.17433	-0.512471	
4.17623	-0.510834	
4.17814	-0.509195	
4.18005	-0.507554	
4.18195	-0.505911	
4.18386	-0.504266	
4.18576	-0.50262	
4.18767	-0.500971	
4.18957	-0.499321	
4.19148	-0.497669	
4.19338	-0.496016	
4.19529	-0.49436	
4.1972	-0.492703	
4.1991	-0.491044	
4.20101	-0.489383	
4.20291	-0.48772	
4.20482	-0.486055	
4.20672	-0.484389	
4.20863	-0.482721	
4.21054	-0.481052	
4.21244	-0.47938	
4.21435	-0.477707	
4.21625	-0.476032	
4.21816	-0.474355	
4.22006	-0.472677	
4.22197	-0.470997	
4.22387	-0.469315	
4.22578	-0.467631	
4.22769	-0.465946	
4.22959	-0.464259	
4.2315	-0.46257	
4.2334	-0.46088	
4.23531	-0.459188	
4.23721	-0.457494	
4.23912	-0.455799	
4.24102	-0.454102	
4.24293	-0.452404	
4.24484	-0.450703	
4.24674	-0.449001	
4.24865	-0.447298	
4.25055	-0.445593	
4.25246	-0.443886	
4.25436	-0.442178	
4.25627	-0.440468	
4.25818	-0.438756	
4.26008	-0.437043	
4.26199	-0.435328	
4.26389	-0.433612	
4.2658	-0.431894	
4.2677	-0.430174	
4.26961	-0.428453	
4.27151	-0.426731	
4.27342	-0.425007	
4.27533	-0.423281	
4.27723	-0.421554	
4.27914	-0.419825	
4.28104	-0.418095	
4.28295	-0.416363	
4.28485	-0.41463	
4.28676	-0.412895	
4.28866	-0.411158	
4.29057	-0.409421	
4.29248	-0.407681	
4.29438	-0.405941	
4.29629	-0.404198	
4.29819	-0.402455	
4.3001	-0.400709	
4.302	-0.398963	
4.30391	-0.397215	
4.30581	-0.395465	
4.30772	-0.393714	
4.30963	-0.391962	
4.31153	-0.390208	
4.31344	-0.388453	
4.31534	-0.386696	
4.31725	-0.384938	
4.31915	-0.383179	
4.32106	-0.381418	
4.32297	-0.379656	
4.32487	-0.377892	
4.32678	-0.376127	
4.32868	-0.374361	
4.33059	-0.372593	
4.33249	-0.370824	
4.3344	-0.369053	
4.3363	-0.367282	
4.33821	-0.365509	
4.34012	-0.363734	
4.34202	-0.361959	
4.34393	-0.360181	
4.34583	-0.358403	
4.34774	-0.356623	
4.34964	-0.354843	
4.35155	-0.35306	
4.35345	-0.351277	
4.35536	-0.349492	
4.35727	-0.347706	
4.35917	-0.345919	
4.36108	-0.34413	
4.36298	-0.34234	
4.36489	-0.340549	
4.36679	-0.338757	
4.3687	-0.336963	
4.3706	-0.335169	
4.37251	-0.333373	
4.37442	-0.331575	
4.37632	-0.329777	
4.37823	-0.327977	
4.38013	-0.326177	
4.38204	-0.324375	
4.38394	-0.322572	
4.38585	-0.320767	
4.38776	-0.318962	
4.38966	-0.317155	
4.39157	-0.315347	
4.39347	-0.313538	
4.39538	-0.311728	
4.39728	-0.309917	
4.39919	-0.308105	
4.40109	-0.306291	
4.403	-0.304477	
4.40491	-0.302661	
4.40681	-0.300844	
4.40872	-0.299027	
4.41062	-0.297208	
4.41253	-0.295388	
4.41443	-0.293566	
4.41634	-0.291744	
4.41824	-0.289921	
4.42015	-0.288097	
4.42206	-0.286272	
4.42396	-0.284445	
4.42587	-0.282618	
4.42777	-0.280789	
4.42968	-0.27896	
4.43158	-0.277129	
4.43349	-0.275298	
4.43539	-0.273466	
4.4373	-0.271632	
4.43921	-0.269798	
4.44111	-0.267962	
4.44302	-0.266126	
4.44492	-0.264289	
4.44683	-0.26245	
4.44873	-0.260611	
4.45064	-0.258771	
4.45255	-0.25693	
4.45445	-0.255087	
4.45636	-0.253244	
4.45826	-0.251401	
4.46017	-0.249556	
4.46207	-0.24771	
4.46398	-0.245863	
4.46588	-0.244016	
4.46779	-0.242167	
4.4697	-0.240318	
4.4716	-0.238468	
4.47351	-0.236617	
4.47541	-0.234765	
4.47732	-0.232912	
4.47922	-0.231059	
4.48113	-0.229204	
4.48303	-0.227349	
4.48494	-0.225493	
4.48685	-0.223636	
4.48875	-0.221778	
4.49066	-0.21992	
4.49256	-0.21806	
4.49447	-0.2162	
4.49637	-0.214339	
4.49828	-0.212477	
4.50018	-0.210615	
4.50209	-0.208752	
4.504	-0.206888	
4.5059	-0.205023	
4.50781	-0.203158	
4.50971	-0.201291	
4.51162	-0.199424	
4.51352	-0.197557	
4.51543	-0.195688	
4.51734	-0.193819	
4.51924	-0.191949	
4.52115	-0.190079	
4.52305	-0.188208	
4.52496	-0.186336	
4.52686	-0.184463	
4.52877	-0.18259	
4.53067	-0.180716	
4.53258	-0.178842	
4.53449	-0.176966	
4.53639	-0.175091	
4.5383	-0.173214	
4.5402	-0.171337	
4.54211	-0.169459	
4.54401	-0.167581	
4.54592	-0.165702	
4.54782	-0.163822	
4.54973	-0.161942	
4.55164	-0.160062	
4.55354	-0.15818	
4.55545	-0.156298	
4.55735	-0.154416	
4.55926	-0.152533	
4.56116	-0.150649	
4.56307	-0.148765	
4.56498	-0.146881	
4.56688	-0.144995	
4.56879	-0.14311	
4.57069	-0.141223	
4.5726	-0.139337	
4.5745	-0.137449	
4.57641	-0.135562	
4.57831	-0.133673	
4.58022	-0.131785	
4.58213	-0.129896	
4.58403	-0.128006	
4.58594	-0.126116	
4.58784	-0.124225	
4.58975	-0.122334	
4.59165	-0.120443	
4.59356	-0.118551	
4.59546	-0.116658	
4.59737	-0.114765	
4.59928	-0.112872	
4.60118	-0.110979	
4.60309	-0.109085	
4.60499	-0.10719	
4.6069	-0.105295	
4.6088	-0.1034	
4.61071	-0.101505	
4.61261	-0.0996087	
4.61452	-0.0977124	
4.61643	-0.0958158	
4.61833	-0.0939188	
4.62024	-0.0920215	
4.62214	-0.0901238	
4.62405	-0.0882258	
4.62595	-0.0863275	
4.62786	-0.0844288	
4.62977	-0.0825299	
4.63167	-0.0806307	
4.63358	-0.0787311	
4.63548	-0.0768313	
4.63739	-0.0749312	
4.63929	-0.0730309	
4.6412	-0.0711302	
4.6431	-0.0692293	
4.64501	-0.0673282	
4.64692	-0.0654268	
4.64882	-0.0635252	
4.65073	-0.0616233	
4.65263	-0.0597212	
4.65454	-0.0578189	
4.65644	-0.0559164	
4.65835	-0.0540137	
4.66025	-0.0521108	
4.66216	-0.0502077	
4.66407	-0.0483044	
4.66597	-0.046401	
4.66788	-0.0444974	
4.66978	-0.0425936	
4.67169	-0.0406897	
4.67359	-0.0387856	
4.6755	-0.0368813	
4.6774	-0.034977	
4.67931	-0.0330725	
4.68122	-0.0311679	
4.68312	-0.0292632	
4.68503	-0.0273583	
4.68693	-0.0254534	
4.68884	-0.0235484	
4.69074	-0.0216433	
4.69265	-0.0197381	
4.69456	-0.0178329	
4.69646	-0.0159275	
4.69837	-0.0140222	
4.70027	-0.0121167	
4.70218	-0.0102113	
4.70408	-0.00830576	
4.70599	-0.00640022	
4.70789	-0.00449466	
4.7098	-0.00258908	
4.71171	-0.000683497	
4.71361	0.00122209	
4.71552	0.00312768	
4.71742	0.00503325	
4.71933	0.00693881	
4.72123	0.00884434	
4.72314	0.0107498	
4.72504	0.0126553	
4.72695	0.0145607	
4.72886	0.0164661	
4.73076	0.0183714	
4.73267	0.0202766	
4.73457	0.0221818	
4.73648	0.0240868	
4.73838	0.0259918	
4.74029	0.0278967	
4.74219	0.0298015	
4.7441	0.0317062	
4.74601	0.0336108	
4.74791	0.0355152	
4.74982	0.0374196	
4.75172	0.0393238	
4.75363	0.0412278	
4.75553	0.0431317	
4.75744	0.0450354	
4.75935	0.046939	
4.76125	0.0488424	
4.76316	0.0507456	
4.76506	0.0526487	
4.76697	0.0545515	
4.76887	0.0564542	
4.77078	0.0583566	
4.77268	0.0602589	
4.77459	0.0621609	
4.7765	0.0640627	
4.7784	0.0659642	
4.78031	0.0678655	
4.78221	0.0697666	
4.78412	0.0716674	
4.78602	0.073568	
4.78793	0.0754683	
4.78983	0.0773683	
4.79174	0.079268	
4.79365	0.0811675	
4.79555	0.0830666	
4.79746	0.0849655	
4.79936	0.086864	
4.80127	0.0887623	
4.80317	0.0906602	
4.80508	0.0925578	
4.80698	0.094455	
4.80889	0.0963519	
4.8108	0.0982484	
4.8127	0.100145	
4.81461	0.10204	
4.81651	0.103936	
4.81842	0.105831	
4.82032	0.107726	
4.82223	0.10962	
4.82414	0.111514	
4.82604	0.113407	
4.82795	0.1153	
4.82985	0.117193	
4.83176	0.119085	
4.83366	0.120977	
4.83557	0.122869	
4.83747	0.12476	
4.83938	0.12665	
4.84129	0.12854	
4.84319	0.13043	
4.8451	0.132319	
4.847	0.134207	
4.84891	0.136095	
4.85081	0.137983	
4.85272	0.13987	
4.85462	0.141757	
4.85653	0.143643	
4.85844	0.145528	
4.86034	0.147413	
4.86225	0.149298	
4.86415	0.151182	
4.86606	0.153065	
4.86796	0.154948	
4.86987	0.15683	
4.87178	0.158712	
4.87368	0.160593	
4.87559	0.162474	
4.87749	0.164354	
4.8794	0.166233	
4.8813	0.168112	
4.88321	0.16999	
4.88511	0.171868	
4.88702	0.173745	
4.88893	0.175621	
4.89083	0.177497	
4.89274	0.179372	
4.89464	0.181246	
4.89655	0.18312	
4.89845	0.184993	
4.90036	0.186865	
4.90226	0.188737	
4.90417	0.190608	
4.90608	0.192478	
4.90798	0.194348	
4.90989	0.196216	
4.91179	0.198085	
4.9137	0.199952	
4.9156	0.201819	
4.91751	0.203685	
4.91941	0.20555	
4.92132	0.207415	
4.92323	0.209278	
4.92513	0.211141	
4.92704	0.213004	
4.92894	0.214865	
4.93085	0.216726	
4.93275	0.218586	
4.93466	0.220445	
4.93657	0.222303	
4.93847	0.224161	
4.94038	0.226017	
4.94228	0.227873	
4.94419	0.229728	
4.94609	0.231583	
4.948	0.233436	
4.9499	0.235288	
4.95181	0.23714	
4.95372	0.238991	
4.95562	0.240841	
4.95753	0.24269	
4.95943	0.244538	
4.96134	0.246385	
4.96324	0.248232	
4.96515	0.250077	
4.96705	0.251922	
4.96896	0.253765	
4.97087	0.255608	
4.97277	0.25745	
4.97468	0.259291	
4.97658	0.261131	
4.97849	0.26297	
4.98039	0.264808	
4.9823	0.266645	
4.9842	0.268481	
4.98611	0.270316	
4.98802	0.27215	
4.98992	0.273984	
4.99183	0.275816	
4.99373	0.277647	
4.99564	0.279477	
4.99754	0.281306	
4.99945	0.283134	
5.00136	0.284961	
5.00326	0.286788	
5.00517	0.288613	
5.00707	0.290437	
5.00898	0.292259	
5.01088	0.294081	
5.01279	0.295902	
5.01469	0.297722	
5.0166	0.29954	
5.01851	0.301358	
5.02041	0.303174	
5.02232	0.30499	
5.02422	0.306804	
5.02613	0.308617	
5.02803	0.310429	
5.02994	0.31224	
5.03184	0.31405	
5.03375	0.315858	
5.03566	0.317666	
5.03756	0.319472	
5.03947	0.321277	
5.04137	0.323081	
5.04328	0.324884	
5.04518	0.326686	
5.04709	0.328486	
5.04899	0.330285	
5.0509	0.332083	
5.05281	0.33388	
5.05471	0.335676	
5.05662	0.33747	
5.05852	0.339264	
5.06043	0.341056	
5.06233	0.342846	
5.06424	0.344636	
5.06615	0.346424	
5.06805	0.348211	
5.06996	0.349997	
5.07186	0.351781	
5.07377	0.353564	
5.07567	0.355346	
5.07758	0.357127	
5.07948	0.358906	
5.08139	0.360684	
5.0833	0.362461	
5.0852	0.364236	
5.08711	0.36601	
5.08901	0.367783	
5.09092	0.369554	
5.09282	0.371324	
5.09473	0.373093	
5.09663	0.37486	
5.09854	0.376626	
5.10045	0.378391	
5.10235	0.380154	
5.10426	0.381916	
5.10616	0.383676	
5.10807	0.385435	
5.10997	0.387193	
5.11188	0.388949	
5.11379	0.390704	
5.11569	0.392457	
5.1176	0.394209	
5.1195	0.39596	
5.12141	0.397709	
5.12331	0.399457	
5.12522	0.401203	
5.12712	0.402948	
5.12903	0.404691	
5.13094	0.406433	
5.13284	0.408173	
5.13475	0.409912	
5.13665	0.411649	
5.13856	0.413385	
5.14046	0.41512	
5.14237	0.416853	
5.14427	0.418584	
5.14618	0.420314	
5.14809	0.422042	
5.14999	0.423769	
5.1519	0.425494	
5.1538	0.427218	
5.15571	0.42894	
5.15761	0.430661	
5.15952	0.43238	
5.16142	0.434097	
5.16333	0.435813	
5.16524	0.437527	
5.16714	0.43924	
5.16905	0.440951	
5.17095	0.442661	
5.17286	0.444369	
5.17476	0.446075	
5.17667	0.44778	
5.17858	0.449483	
5.18048	0.451184	
5.18239	0.452884	
5.18429	0.454582	
5.1862	0.456279	
5.1881	0.457973	
5.19001	0.459667	
5.19191	0.461358	
5.19382	0.463048	
5.19573	0.464736	
5.19763	0.466422	
5.19954	0.468107	
5.20144	0.46979	
5.20335	0.471472	
5.20525	0.473151	
5.20716	0.474829	
5.20906	0.476505	
5.21097	0.47818	
5.21288	0.479853	
5.21478	0.481524	
5.21669	0.483193	
5.21859	0.48486	
5.2205	0.486526	
5.2224	0.48819	
5.22431	0.489852	
5.22621	0.491513	
5.22812	0.493171	
5.23003	0.494828	
5.23193	0.496483	
5.23384	0.498136	
5.23574	0.499788	
5.23765	0.501437	
5.23955	0.503085	
5.24146	0.504731	
5.24337	0.506375	
5.24527	0.508018	
5.24718	0.509658	
5.24908	0.511297	
5.25099	0.512933	
5.25289	0.514568	
5.2548	0.516201	
5.2567	0.517832	
5.25861	0.519462	
5.26052	0.521089	
5.26242	0.522715	
5.26433	0.524338	
5.26623	0.52596	
5.26814	0.52758	
5.27004	0.529197	
5.27195	0.530813	
5.27385	0.532427	
5.27576	0.534039	
5.27767	0.53565	
5.27957	0.537258	
5.28148	0.538864	
5.28338	0.540468	
5.28529	0.542071	
5.28719	0.543671	
5.2891	0.545269	
5.291	0.546866	
5.29291	0.54846	
5.29482	0.550053	
5.29672	0.551643	
5.29863	0.553231	
5.30053	0.554818	
5.30244	0.556402	
5.30434	0.557984	
5.30625	0.559565	
5.30816	0.561143	
5.31006	0.562719	
5.31197	0.564294	
5.31387	0.565866	
5.31578	0.567436	
5.31768	0.569004	
5.31959	0.57057	
5.32149	0.572134	
5.3234	0.573696	
5.32531	0.575256	
5.32721	0.576813	
5.32912	0.578369	
5.33102	0.579922	
5.33293	0.581474	
5.33483	0.583023	
5.33674	0.58457	
5.33864	0.586115	
5.34055	0.587658	
5.34246	0.589199	
5.34436	0.590737	
5.34627	0.592274	
5.34817	0.593808	
5.35008	0.59534	
5.35198	0.59687	
5.35389	0.598398	
5.35579	0.599924	
5.3577	0.601447	
5.35961	0.602969	
5.36151	0.604488	
5.36342	0.606005	
5.36532	0.607519	
5.36723	0.609032	
5.36913	0.610542	
5.37104	0.61205	
5.37295	0.613556	
5.37485	0.61506	
5.37676	0.616561	
5.37866	0.61806	
5.38057	0.619557	
5.38247	0.621052	
5.38438	0.622544	
5.38628	0.624035	
5.38819	0.625522	
5.3901	0.627008	
5.392	0.628491	
5.39391	0.629972	
5.39581	0.631451	
5.39772	0.632928	
5.39962	0.634402	
5.40153	0.635874	
5.40343	0.637343	
5.40534	0.638811	
5.40725	0.640276	
5.40915	0.641738	
5.41106	0.643198	
5.41296	0.644656	
5.41487	0.646112	
5.41677	0.647565	
5.41868	0.649016	
5.42059	0.650465	
5.42249	0.651911	
5.4244	0.653355	
5.4263	0.654796	
5.42821	0.656235	
5.43011	0.657672	
5.43202	0.659106	
5.43392	0.660538	
5.43583	0.661968	
5.43774	0.663395	
5.43964	0.664819	
5.44155	0.666242	
5.44345	0.667661	
5.44536	0.669079	
5.44726	0.670494	
5.44917	0.671906	
5.45107	0.673317	
5.45298	0.674724	
5.45489	0.67613	
5.45679	0.677532	
5.4587	0.678933	
5.4606	0.68033	
5.46251	0.681726	
5.46441	0.683119	
5.46632	0.684509	
5.46822	0.685897	
5.47013	0.687283	
5.47204	0.688666	
5.47394	0.690046	
5.47585	0.691424	
5.47775	0.692799	
5.47966	0.694172	
5.48156	0.695543	
5.48347	0.696911	
5.48538	0.698276	
5.48728	0.699639	
5.48919	0.700999	
5.49109	0.702357	
5.493	0.703712	
5.4949	0.705064	
5.49681	0.706415	
5.49871	0.707762	
5.50062	0.709107	
5.50253	0.710449	
5.50443	0.711789	
5.50634	0.713126	
5.50824	0.714461	
5.51015	0.715793	
5.51205	0.717122	
5.51396	0.718449	
5.51586	0.719773	
5.51777	0.721095	
5.51968	0.722414	
5.52158	0.72373	
5.52349	0.725044	
5.52539	0.726355	
5.5273	0.727663	
5.5292	0.728969	
5.53111	0.730272	
5.53301	0.731573	
5.53492	0.732871	
5.53683	0.734166	
5.53873	0.735458	
5.54064	0.736748	
5.54254	0.738035	
5.54445	0.73932	
5.54635	0.740601	
5.54826	0.741881	
5.55017	0.743157	
5.55207	0.744431	
5.55398	0.745702	
5.55588	0.74697	
5.55779	0.748236	
5.55969	0.749498	
5.5616	0.750759	
5.5635	0.752016	
5.56541	0.753271	
5.56732	0.754523	
5.56922	0.755772	
5.57113	0.757018	
5.57303	0.758262	
5.57494	0.759503	
5.57684	0.760741	
5.57875	0.761977	
5.58065	0.763209	
5.58256	0.764439	
5.58447	0.765666	
5.58637	0.766891	
5.58828	0.768112	
5.59018	0.769331	
5.59209	0.770547	
5.59399	0.77176	
5.5959	0.772971	
5.5978	0.774178	
5.59971	0.775383	
5.60162	0.776585	
5.60352	0.777784	
5.60543	0.778981	
5.60733	0.780174	
5.60924	0.781365	
5.61114	0.782552	
5.61305	0.783737	
5.61496	0.78492	
5.61686	0.786099	
5.61877	0.787275	
5.62067	0.788449	
5.62258	0.789619	
5.62448	0.790787	
5.62639	0.791952	
5.62829	0.793114	
5.6302	0.794274	
5.63211	0.79543	
5.63401	0.796583	
5.63592	0.797734	
5.63782	0.798881	
5.63973	0.800026	
5.64163	0.801168	
5.64354	0.802307	
5.64544	0.803443	
5.64735	0.804576	
5.64926	0.805706	
5.65116	0.806834	
5.65307	0.807958	
5.65497	0.809079	
5.65688	0.810198	
5.65878	0.811313	
5.66069	0.812426	
5.6626	0.813535	
5.6645	0.814642	
5.66641	0.815746	
5.66831	0.816846	
5.67022	0.817944	
5.67212	0.819039	
5.67403	0.820131	
5.67593	0.82122	
5.67784	0.822305	
5.67975	0.823388	
5.68165	0.824468	
5.68356	0.825545	
5.68546	0.826619	
5.68737	0.82769	
5.68927	0.828758	
5.69118	0.829823	
5.69308	0.830885	
5.69499	0.831943	
5.6969	0.832999	
5.6988	0.834052	
5.70071	0.835102	
5.70261	0.836149	
5.70452	0.837192	
5.70642	0.838233	
5.70833	0.839271	
5.71023	0.840305	
5.71214	0.841337	
5.71405	0.842365	
5.71595	0.84339	
5.71786	0.844413	
5.71976	0.845432	
5.72167	0.846448	
5.72357	0.847461	
5.72548	0.848472	
5.72739	0.849478	
5.72929	0.850482	
5.7312	0.851483	
5.7331	0.852481	
5.73501	0.853476	
5.73691	0.854467	
5.73882	0.855455	
5.74072	0.856441	
5.74263	0.857423	
5.74454	0.858402	
5.74644	0.859378	
5.74835	0.860351	
5.75025	0.861321	
5.75216	0.862287	
5.75406	0.863251	
5.75597	0.864211	
5.75787	0.865168	
5.75978	0.866122	
5.76169	0.867073	
5.76359	0.868021	
5.7655	0.868965	
5.7674	0.869907	
5.76931	0.870845	
5.77121	0.87178	
5.77312	0.872712	
5.77502	0.873641	
5.77693	0.874567	
5.77884	0.875489	
5.78074	0.876408	
5.78265	0.877324	
5.78455	0.878237	
5.78646	0.879147	
5.78836	0.880054	
5.79027	0.880957	
5.79218	0.881857	
5.79408	0.882754	
5.79599	0.883648	
5.79789	0.884538	
5.7998	0.885425	
5.8017	0.886309	
5.80361	0.88719	
5.80551	0.888068	
5.80742	0.888942	
5.80933	0.889814	
5.81123	0.890682	
5.81314	0.891546	
5.81504	0.892408	
5.81695	0.893266	
5.81885	0.894121	
5.82076	0.894973	
5.82266	0.895821	
5.82457	0.896666	
5.82648	0.897508	
5.82838	0.898347	
5.83029	0.899183	
5.83219	0.900015	
5.8341	0.900844	
5.836	0.901669	
5.83791	0.902492	
5.83981	0.903311	
5.84172	0.904127	
5.84363	0.904939	
5.84553	0.905749	
5.84744	0.906555	
5.84934	0.907357	
5.85125	0.908157	
5.85315	0.908953	
5.85506	0.909745	
5.85697	0.910535	
5.85887	0.911321	
5.86078	0.912104	
5.86268	0.912884	
5.86459	0.91366	
5.86649	0.914433	
5.8684	0.915202	
5.8703	0.915969	
5.87221	0.916732	
5.87412	0.917491	
5.87602	0.918248	
5.87793	0.919	
5.87983	0.91975	
5.88174	0.920496	
5.88364	0.921239	
5.88555	0.921979	
5.88745	0.922715	
5.88936	0.923448	
5.89127	0.924178	
5.89317	0.924904	
5.89508	0.925627	
5.89698	0.926346	
5.89889	0.927062	
5.90079	0.927775	
5.9027	0.928484	
5.9046	0.92919	
5.90651	0.929893	
5.90842	0.930592	
5.91032	0.931288	
5.91223	0.93198	
5.91413	0.93267	
5.91604	0.933355	
5.91794	0.934038	
5.91985	0.934717	
5.92176	0.935392	
5.92366	0.936064	
5.92557	0.936733	
5.92747	0.937398	
5.92938	0.93806	
5.93128	0.938719	
5.93319	0.939374	
5.93509	0.940026	
5.937	0.940674	
5.93891	0.941319	
5.94081	0.94196	
5.94272	0.942598	
5.94462	0.943233	
5.94653	0.943864	
5.94843	0.944492	
5.95034	0.945116	
5.95224	0.945737	
5.95415	0.946355	
5.95606	0.946969	
5.95796	0.947579	
5.95987	0.948186	
5.96177	0.94879	
5.96368	0.94939	
5.96558	0.949987	
5.96749	0.950581	
5.9694	0.95117	
5.9713	0.951757	
5.97321	0.95234	
5.97511	0.952919	
5.97702	0.953496	
5.97892	0.954068	
5.98083	0.954637	
5.98273	0.955203	
5.98464	0.955765	
5.98655	0.956324	
5.98845	0.956879	
5.99036	0.957431	
5.99226	0.957979	
5.99417	0.958524	
5.99607	0.959066	
5.99798	0.959604	
5.99988	0.960138	
6.00179	0.960669	
6.0037	0.961196	
6.0056	0.96172	
6.00751	0.962241	
6.00941	0.962758	
6.01132	0.963271	
6.01322	0.963781	
6.01513	0.964288	
6.01703	0.964791	
6.01894	0.96529	
6.02085	0.965786	
6.02275	0.966278	
6.02466	0.966767	
6.02656	0.967253	
6.02847	0.967735	
6.03037	0.968213	
6.03228	0.968688	
6.03419	0.969159	
6.03609	0.969627	
6.038	0.970091	
6.0399	0.970552	
6.04181	0.97101	
6.04371	0.971463	
6.04562	0.971914	
6.04752	0.97236	
6.04943	0.972803	
6.05134	0.973243	
6.05324	0.973679	
6.05515	0.974112	
6.05705	0.974541	
6.05896	0.974966	
6.06086	0.975388	
6.06277	0.975807	
6.06467	0.976221	
6.06658	0.976633	
6.06849	0.97704	
6.07039	0.977445	
6.0723	0.977845	
6.0742	0.978242	
6.07611	0.978636	
6.07801	0.979026	
6.07992	0.979412	
6.08182	0.979795	
6.08373	0.980175	
6.08564	0.980551	
6.08754	0.980923	
6.08945	0.981291	
6.09135	0.981657	
6.09326	0.982018	
6.09516	0.982376	
6.09707	0.98273	
6.09898	0.983081	
6.10088	0.983428	
6.10279	0.983772	
6.10469	0.984112	
6.1066	0.984449	
6.1085	0.984782	
6.11041	0.985111	
6.11231	0.985437	
6.11422	0.985759	
6.11613	0.986078	
6.11803	0.986393	
6.11994	0.986705	
6.12184	0.987012	
6.12375	0.987317	
6.12565	0.987617	
6.12756	0.987915	
6.12946	0.988208	
6.13137	0.988498	
6.13328	0.988785	
6.13518	0.989067	
6.13709	0.989347	
6.13899	0.989622	
6.1409	0.989894	
6.1428	0.990163	
6.14471	0.990428	
6.14661	0.990689	
6.14852	0.990946	
6.15043	0.9912	
6.15233	0.991451	
6.15424	0.991698	
6.15614	0.991941	
6.15805	0.992181	
6.15995	0.992417	
6.16186	0.992649	
6.16377	0.992878	
6.16567	0.993103	
6.16758	0.993325	
6.16948	0.993543	
6.17139	0.993757	
6.17329	0.993968	
6.1752	0.994175	
6.1771	0.994379	
6.17901	0.994579	
6.18092	0.994775	
6.18282	0.994968	
6.18473	0.995157	
6.18663	0.995342	
6.18854	0.995524	
6.19044	0.995703	
6.19235	0.995877	
6.19425	0.996048	
6.19616	0.996216	
6.19807	0.99638	
6.19997	0.99654	
6.20188	0.996696	
6.20378	0.996849	
6.20569	0.996999	
6.20759	0.997144	
6.2095	0.997286	
6.2114	0.997425	
6.21331	0.99756	
6.21522	0.997691	
6.21712	0.997819	
6.21903	0.997943	
6.22093	0.998063	
6.22284	0.99818	
6.22474	0.998293	
6.22665	0.998402	
6.22856	0.998508	
6.23046	0.99861	
6.23237	0.998709	
6.23427	0.998804	
6.23618	0.998895	
6.23808	0.998983	
6.23999	0.999067	
6.24189	0.999148	
6.2438	0.999224	
6.24571	0.999298	
6.24761	0.999367	
6.24952	0.999433	
6.25142	0.999496	
6.25333	0.999554	
6.25523	0.999609	
6.25714	0.999661	
6.25904	0.999709	
6.26095	0.999753	
6.26286	0.999793	
6.26476	0.99983	
6.26667	0.999864	
6.26857	0.999893	
6.27048	0.999919	
6.27238	0.999942	
6.27429	0.99996	
6.2762	0.999976	
6.2781	0.999987	
6.28001	0.999995	
6.28191	0.999999	
6.28319	1	


0	1	
0.001	1	
0.00660427	0.999978	
0.0173	0.99985	
0.0309291	0.999522	
0.0458548	0.998949	
0.0612978	0.998122	
0.0769394	0.997042	
0.0926561	0.99571	
0.108401	0.99413	
0.124157	0.992302	
0.139916	0.990228	
0.155677	0.987907	
0.171439	0.98534	
0.1872	0.982529	
0.202962	0.979474	
0.218724	0.976175	
0.234486	0.972634	
0.250248	0.968851	
0.26601	0.964827	
0.281772	0.960564	
0.297534	0.956062	
0.313296	0.951323	
0.329058	0.946347	
0.344819	0.941136	
0.360581	0.935692	
0.376343	0.930015	
0.392105	0.924107	
0.407867	0.917969	
0.423629	0.911603	
0.439391	0.905011	
0.455153	0.898194	
0.470915	0.891154	
0.486677	0.883892	
0.502438	0.876411	
0.5182	0.868712	
0.533962	0.860797	
0.549724	0.852669	
0.565486	0.844328	
0.581248	0.835778	
0.59701	0.82702	
0.612772	0.818057	
0.628534	0.80889	
0.644296	0.799523	
0.660058	0.789957	
0.675819	0.780195	
0.691581	0.770238	
0.707343	0.760091	
0.723105	0.749755	
0.738867	0.739232	
0.754629	0.728526	
0.770391	0.717638	
0.786153	0.706573	
0.801915	0.695332	
0.817677	0.683918	
0.833438	0.672334	
0.8492	0.660584	
0.864962	0.648669	
0.880724	0.636593	
0.896486	0.624359	
0.912248	0.611969	
0.92801	0.599428	
0.943772	0.586738	
0.959534	0.573902	
0.975296	0.560923	
0.991058	0.547805	
1.00682	0.534551	
1.02258	0.521165	
1.03834	0.507648	
1.05411	0.494006	
1.06987	0.480241	
1.08563	0.466356	
1.10139	0.452356	
1.11715	0.438243	
1.13291	0.424022	
1.14868	0.409695	
1.16444	0.395266	
1.1802	0.380739	
1.19596	0.366118	
1.21172	0.351406	
1.22749	0.336606	
1.24325	0.321723	
1.25901	0.306759	
1.27477	0.29172	
1.29053	0.276608	
1.3063	0.261427	
1.32206	0.246182	
1.33782	0.230875	
1.35358	0.215511	
1.36934	0.200093	
1.38511	0.184626	
1.40087	0.169113	
1.41663	0.153557	
1.43239	0.137964	
1.44815	0.122336	
1.46391	0.106678	
1.47968	0.0909936	
1.49544	0.0752865	
1.5112	0.0595606	
1.52696	0.0438199	
1.54272	0.0280684	
1.55849	0.0123099	
1.57425	-0.00345172	
1.59001	-0.0192124	
1.60577	-0.0349684	
1.62153	-0.0507157	
1.6373	-0.0664503	
1.65306	-0.0821685	
1.66882	-0.0978662	
1.68458	-0.11354	
1.70034	-0.129185	
1.71611	-0.144798	
1.73187	-0.160375	
1.74763	-0.175912	
1.76339	-0.191406	
1.77915	-0.206852	
1.79491	-0.222247	
1.81068	-0.237586	
1.82644	-0.252867	
1.8422	-0.268084	
1.85796	-0.283235	
1.87372	-0.298316	
1.88949	-0.313323	
1.90525	-0.328251	
1.92101	-0.343098	
1.93677	-0.35786	
1.95253	-0.372533	
1.9683	-0.387114	
1.98406	-0.401598	
1.99982	-0.415983	
2.01558	-0.430264	
2.03134	-0.444438	
2.04711	-0.458502	
2.06287	-0.472452	
2.07863	-0.486284	
2.09439	-0.499996	
2.11015	-0.513584	
2.12591	-0.527044	
2.14168	-0.540373	
2.15744	-0.553568	
2.1732	-0.566625	
2.18896	-0.579541	
2.20472	-0.592314	
2.22049	-0.604939	
2.23625	-0.617414	
2.25201	-0.629736	
2.26777	-0.641901	
2.28353	-0.653907	
2.2993	-0.66575	
2.31506	-0.677428	
2.33082	-0.688938	
2.34658	-0.700277	
2.36234	-0.711441	
2.37811	-0.722429	
2.39387	-0.733237	
2.40963	-0.743863	
2.42539	-0.754305	
2.44115	-0.764559	
2.45691	-0.774623	
2.47268	-0.784494	
2.48844	-0.794171	
2.5042	-0.80365	
2.51996	-0.81293	
2.53572	-0.822008	
2.55149	-0.830881	
2.56725	-0.839548	
2.58301	-0.848007	
2.59877	-0.856255	
2.61453	-0.86429	
2.6303	-0.87211	
2.64606	-0.879714	
2.66182	-0.887099	
2.67758	-0.894264	
2.69334	-0.901207	
2.70911	-0.907926	
2.72487	-0.914419	
2.74063	-0.920685	
2.75639	-0.926722	
2.77215	-0.932529	
2.78791	-0.938105	
2.80368	-0.943447	
2.81944	-0.948555	
2.8352	-0.953428	
2.85096	-0.958063	
2.86672	-0.962461	
2.88249	-0.966619	
2.89825	-0.970537	
2.91401	-0.974214	
2.92977	-0.977649	
2.94553	-0.980842	
2.9613	-0.98379	
2.97706	-0.986494	
2.99282	-0.988953	
3.00858	-0.991167	
3.02434	-0.993134	
3.04011	-0.994854	
3.05587	-0.996327	
3.07163	-0.997553	
3.08739	-0.998531	
3.10315	-0.999261	
3.11891	-0.999742	
3.13468	-0.999976	
3.15044	-0.99996	
3.1662	-0.999697	
3.18196	-0.999185	
3.19772	-0.998425	
3.21349	-0.997416	
3.22925	-0.99616	
3.24501	-0.994657	
3.26077	-0.992906	
3.27653	-0.990909	
3.2923	-0.988665	
3.30806	-0.986176	
3.32382	-0.983442	
3.33958	-0.980464	
3.35534	-0.977242	
3.37111	-0.973777	
3.38687	-0.97007	
3.40263	-0.966122	
3.41839	-0.961935	
3.43415	-0.957508	
3.44991	-0.952844	
3.46568	-0.947942	
3.48144	-0.942805	
3.4972	-0.937434	
3.51296	-0.931831	
3.52872	-0.925995	
3.54449	-0.91993	
3.56025	-0.913636	
3.57601	-0.907115	
3.59177	-0.900369	
3.60753	-0.893399	
3.6233	-0.886207	
3.63906	-0.878794	
3.65482	-0.871164	
3.67058	-0.863317	
3.68634	-0.855256	
3.70211	-0.846982	
3.71787	-0.838498	
3.73363	-0.829805	
3.74939	-0.820907	
3.76515	-0.811804	
3.78091	-0.8025	
3.79668	-0.792996	
3.81244	-0.783295	
3.8282	-0.7734	
3.84396	-0.763313	
3.85972	-0.753036	
3.87549	-0.742572	
3.89125	-0.731923	
3.90701	-0.721093	
3.92277	-0.710083	
3.93853	-0.698897	
3.9543	-0.687538	
3.97006	-0.676007	
3.98582	-0.664309	
4.00158	-0.652445	
4.01734	-0.64042	
4.03311	-0.628235	
4.04887	-0.615895	
4.06463	-0.603401	
4.08039	-0.590757	
4.09615	-0.577967	
4.11192	-0.565033	
4.12768	-0.551959	
4.14344	-0.538748	
4.1592	-0.525402	
4.17496	-0.511926	
4.19072	-0.498324	
4.20649	-0.484597	
4.22225	-0.47075	
4.23801	-0.456786	
4.25377	-0.442708	
4.26953	-0.42852	
4.2853	-0.414226	
4.30106	-0.399829	
4.31682	-0.385333	
4.33258	-0.370741	
4.34834	-0.356057	
4.36411	-0.341285	
4.37987	-0.326427	
4.39563	-0.311489	
4.41139	-0.296473	
4.42715	-0.281384	
4.44292	-0.266224	
4.45868	-0.250999	
4.47444	-0.235711	
4.4902	-0.220364	
4.50596	-0.204963	
4.52172	-0.189511	
4.53749	-0.174012	
4.55325	-0.15847	
4.56901	-0.142888	
4.58477	-0.127271	
4.60053	-0.111622	
4.6163	-0.095945	
4.63206	-0.0802446	
4.64782	-0.0645242	
4.66358	-0.0487878	
4.67934	-0.0330392	
4.69511	-0.0172825	
4.71087	-0.00152146	
4.72663	0.0142399	
4.74239	0.0299978	
4.75815	0.0457482	
4.77392	0.0614873	
4.78968	0.0772111	
4.80544	0.0929157	
4.8212	0.108597	
4.83696	0.124252	
4.85272	0.139875	
4.86849	0.155464	
4.88425	0.171015	
4.90001	0.186522	
4.91577	0.201984	
4.93153	0.217395	
4.9473	0.232752	
4.96306	0.248052	
4.97882	0.26329	
4.99458	0.278462	
5.01034	0.293565	
5.02611	0.308596	
5.04187	0.323549	
5.05763	0.338423	
5.07339	0.353212	
5.08915	0.367913	
5.10492	0.382523	
5.12068	0.397038	
5.13644	0.411455	
5.1522	0.425769	
5.16796	0.439977	
5.18372	0.454076	
5.19949	0.468063	
5.21525	0.481933	
5.23101	0.495683	
5.24677	0.50931	
5.26253	0.522811	
5.2783	0.536181	
5.29406	0.549419	
5.30982	0.56252	
5.32558	0.575481	
5.34134	0.588299	
5.35711	0.600972	
5.37287	0.613494	
5.38863	0.625865	
5.40439	0.63808	
5.42015	0.650136	
5.43592	0.662031	
5.45168	0.673762	
5.46744	0.685325	
5.4832	0.696717	
5.49896	0.707937	
5.51472	0.718981	
5.53049	0.729846	
5.54625	0.74053	
5.56201	0.75103	
5.57777	0.761343	
5.59353	0.771467	
5.6093	0.7814	
5.62506	0.791138	
5.64082	0.80068	
5.65658	0.810023	
5.67234	0.819165	
5.68811	0.828103	
5.70387	0.836836	
5.71963	0.84536	
5.73539	0.853675	
5.75115	0.861777	
5.76692	0.869666	
5.78268	0.877338	
5.79844	0.884792	
5.8142	0.892027	
5.82996	0.89904	
5.84572	0.90583	
5.86149	0.912394	
5.87725	0.918732	
5.89301	0.924842	
5.90877	0.930722	
5.92453	0.93637	
5.9403	0.941786	
5.95606	0.946968	
5.97182	0.951915	
5.98758	0.956626	
6.00334	0.961098	
6.01911	0.965332	
6.03487	0.969326	
6.05063	0.97308	
6.06639	0.976591	
6.08215	0.97986	
6.09792	0.982886	
6.11368	0.985667	
6.12944	0.988203	
6.1452	0.990494	
6.16096	0.992539	
6.17672	0.994337	
6.19249	0.995889	
6.20825	0.997193	
6.22401	0.998249	
6.23977	0.999057	
6.25553	0.999617	
6.2713	0.999928	
6.28319	0.999999	


