-2	-0.314941
-1.78947	-0.0918832
-1.57895	-0.000132872
-1.36842	-0.0791504
-1.15789	-0.29497
-0.947368	-0.553456
-0.736842	-0.737105
-0.526316	-0.751159
-0.315789	-0.561224
-0.105263	-0.207818
0.105263	0.207818
0.315789	0.561224
0.526316	0.751159
0.736842	0.737105
0.947368	0.553456
1.15789	0.29497
1.36842	0.0791504
1.57895	0.000132872
1.78947	0.0918832
2	0.314941


-2	-0.315395
-1.996	-0.310357
-1.992	-0.305337
-1.988	-0.300338
-1.984	-0.295358
-1.98	-0.2904
-1.976	-0.285464
-1.972	-0.28055
-1.968	-0.275659
-1.964	-0.270792
-1.96	-0.26595
-1.956	-0.261133
-1.952	-0.256341
-1.948	-0.251576
-1.944	-0.246838
-1.94	-0.242129
-1.936	-0.237447
-1.932	-0.232795
-1.928	-0.228172
-1.924	-0.22358
-1.92	-0.219019
-1.916	-0.21449
-1.912	-0.209993
-1.908	-0.205529
-1.904	-0.201098
-1.9	-0.196702
-1.896	-0.192341
-1.892	-0.188015
-1.888	-0.183725
-1.884	-0.179471
-1.88	-0.175255
-1.876	-0.171077
-1.872	-0.166938
-1.868	-0.162837
-1.864	-0.158776
-1.86	-0.154755
-1.856	-0.150775
-1.852	-0.146837
-1.848	-0.14294
-1.844	-0.139086
-1.84	-0.135274
-1.836	-0.131506
-1.832	-0.127783
-1.828	-0.124104
-1.824	-0.12047
-1.82	-0.116881
-1.816	-0.113339
-1.812	-0.109844
-1.808	-0.106396
-1.804	-0.102995
-1.8	-0.0996426
-1.796	-0.0963388
-1.792	-0.0930842
-1.788	-0.0898792
-1.784	-0.0867243
-1.78	-0.0836199
-1.776	-0.0805664
-1.772	-0.0775644
-1.768	-0.0746142
-1.764	-0.0717163
-1.76	-0.068871
-1.756	-0.0660789
-1.752	-0.0633403
-1.748	-0.0606557
-1.744	-0.0580253
-1.74	-0.0554496
-1.736	-0.052929
-1.732	-0.0504638
-1.728	-0.0480544
-1.724	-0.0457012
-1.72	-0.0434045
-1.716	-0.0411646
-1.712	-0.0389818
-1.708	-0.0368565
-1.704	-0.034789
-1.7	-0.0327797
-1.696	-0.0308287
-1.692	-0.0289364
-1.688	-0.027103
-1.684	-0.0253289
-1.68	-0.0236143
-1.676	-0.0219594
-1.672	-0.0203645
-1.668	-0.0188299
-1.664	-0.0173557
-1.66	-0.0159422
-1.656	-0.0145895
-1.652	-0.013298
-1.648	-0.0120678
-1.644	-0.010899
-1.64	-0.00979183
-1.636	-0.00874649
-1.632	-0.00776312
-1.628	-0.00684185
-1.624	-0.00598284
-1.62	-0.00518621
-1.616	-0.00445208
-1.612	-0.00378056
-1.608	-0.00317175
-1.604	-0.00262575
-1.6	-0.00214264
-1.596	-0.0017225
-1.592	-0.00136538
-1.588	-0.00107134
-1.584	-0.000840431
-1.58	-0.000672688
-1.576	-0.000568137
-1.572	-0.000526796
-1.568	-0.000548672
-1.564	-0.000633764
-1.56	-0.000782061
-1.556	-0.000993542
-1.552	-0.00126818
-1.548	-0.00160593
-1.544	-0.00200674
-1.54	-0.00247057
-1.536	-0.00299733
-1.532	-0.00358695
-1.528	-0.00423934
-1.524	-0.00495441
-1.52	-0.00573205
-1.516	-0.00657214
-1.512	-0.00747455
-1.508	-0.00843916
-1.504	-0.00946582
-1.5	-0.0105544
-1.496	-0.0117046
-1.492	-0.0129165
-1.488	-0.0141897
-1.484	-0.015524
-1.48	-0.0169194
-1.476	-0.0183755
-1.472	-0.0198922
-1.468	-0.0214691
-1.464	-0.0231062
-1.46	-0.0248031
-1.456	-0.0265595
-1.452	-0.0283752
-1.448	-0.03025
-1.444	-0.0321834
-1.44	-0.0341754
-1.436	-0.0362254
-1.432	-0.0383333
-1.428	-0.0404986
-1.424	-0.0427211
-1.42	-0.0450004
-1.416	-0.0473362
-1.412	-0.0497281
-1.408	-0.0521757
-1.404	-0.0546787
-1.4	-0.0572367
-1.396	-0.0598492
-1.392	-0.0625159
-1.388	-0.0652363
-1.384	-0.0680101
-1.38	-0.0708368
-1.376	-0.0737159
-1.372	-0.076647
-1.368	-0.0796298
-1.364	-0.0826635
-1.36	-0.085748
-1.356	-0.0888825
-1.352	-0.0920667
-1.348	-0.0953
-1.344	-0.098582
-1.34	-0.101912
-1.336	-0.10529
-1.332	-0.108715
-1.328	-0.112186
-1.324	-0.115703
-1.32	-0.119266
-1.316	-0.122873
-1.312	-0.126525
-1.308	-0.130221
-1.304	-0.13396
-1.3	-0.137741
-1.296	-0.141564
-1.292	-0.145429
-1.288	-0.149334
-1.284	-0.153279
-1.28	-0.157264
-1.276	-0.161288
-1.272	-0.16535
-1.268	-0.169449
-1.264	-0.173586
-1.26	-0.177758
-1.256	-0.181966
-1.252	-0.186209
-1.248	-0.190487
-1.244	-0.194797
-1.24	-0.199141
-1.236	-0.203517
-1.232	-0.207924
-1.228	-0.212362
-1.224	-0.21683
-1.22	-0.221327
-1.216	-0.225852
-1.212	-0.230406
-1.208	-0.234986
-1.204	-0.239593
-1.2	-0.244226
-1.196	-0.248883
-1.192	-0.253565
-1.188	-0.258269
-1.184	-0.262997
-1.18	-0.267746
-1.176	-0.272516
-1.172	-0.277306
-1.168	-0.282116
-1.164	-0.286944
-1.16	-0.29179
-1.156	-0.296653
-1.152	-0.301533
-1.148	-0.306428
-1.144	-0.311337
-1.14	-0.316261
-1.136	-0.321197
-1.132	-0.326146
-1.128	-0.331106
-1.124	-0.336076
-1.12	-0.341056
-1.116	-0.346046
-1.112	-0.351043
-1.108	-0.356047
-1.104	-0.361058
-1.1	-0.366074
-1.096	-0.371095
-1.092	-0.37612
-1.088	-0.381148
-1.084	-0.386179
-1.08	-0.39121
-1.076	-0.396242
-1.072	-0.401274
-1.068	-0.406304
-1.064	-0.411333
-1.06	-0.416358
-1.056	-0.42138
-1.052	-0.426397
-1.048	-0.431409
-1.044	-0.436414
-1.04	-0.441412
-1.036	-0.446402
-1.032	-0.451383
-1.028	-0.456355
-1.024	-0.461315
-1.02	-0.466265
-1.016	-0.471202
-1.012	-0.476126
-1.008	-0.481035
-1.004	-0.48593
-1	-0.49081
-0.996	-0.495672
-0.992	-0.500518
-0.988	-0.505345
-0.984	-0.510153
-0.98	-0.51494
-0.976	-0.519708
-0.972	-0.524453
-0.968	-0.529176
-0.964	-0.533876
-0.96	-0.538552
-0.956	-0.543202
-0.952	-0.547827
-0.948	-0.552425
-0.944	-0.556996
-0.94	-0.561539
-0.936	-0.566052
-0.932	-0.570536
-0.928	-0.574989
-0.924	-0.57941
-0.92	-0.583799
-0.916	-0.588156
-0.912	-0.592478
-0.908	-0.596765
-0.904	-0.601017
-0.9	-0.605233
-0.896	-0.609412
-0.892	-0.613553
-0.888	-0.617656
-0.884	-0.621719
-0.88	-0.625742
-0.876	-0.629724
-0.872	-0.633665
-0.868	-0.637563
-0.864	-0.641419
-0.86	-0.64523
-0.856	-0.648997
-0.852	-0.652719
-0.848	-0.656395
-0.844	-0.660024
-0.84	-0.663606
-0.836	-0.66714
-0.832	-0.670625
-0.828	-0.674061
-0.824	-0.677447
-0.82	-0.680782
-0.816	-0.684065
-0.812	-0.687296
-0.808	-0.690475
-0.804	-0.6936
-0.8	-0.696672
-0.796	-0.699688
-0.792	-0.70265
-0.788	-0.705555
-0.784	-0.708404
-0.78	-0.711196
-0.776	-0.713931
-0.772	-0.716607
-0.768	-0.719224
-0.764	-0.721782
-0.76	-0.72428
-0.756	-0.726717
-0.752	-0.729094
-0.748	-0.731408
-0.744	-0.733661
-0.74	-0.735851
-0.736	-0.737978
-0.732	-0.740042
-0.728	-0.742041
-0.724	-0.743976
-0.72	-0.745845
-0.716	-0.747649
-0.712	-0.749388
-0.708	-0.751059
-0.704	-0.752664
-0.7	-0.754201
-0.696	-0.755671
-0.692	-0.757073
-0.688	-0.758406
-0.684	-0.75967
-0.68	-0.760865
-0.676	-0.76199
-0.672	-0.763046
-0.668	-0.76403
-0.664	-0.764944
-0.66	-0.765787
-0.656	-0.766559
-0.652	-0.767259
-0.648	-0.767887
-0.644	-0.768443
-0.64	-0.768926
-0.636	-0.769336
-0.632	-0.769673
-0.628	-0.769937
-0.624	-0.770127
-0.62	-0.770244
-0.616	-0.770286
-0.612	-0.770254
-0.608	-0.770148
-0.604	-0.769967
-0.6	-0.769711
-0.596	-0.76938
-0.592	-0.768974
-0.588	-0.768492
-0.584	-0.767936
-0.58	-0.767303
-0.576	-0.766595
-0.572	-0.765811
-0.568	-0.764951
-0.564	-0.764016
-0.56	-0.763004
-0.556	-0.761916
-0.552	-0.760752
-0.548	-0.759511
-0.544	-0.758195
-0.54	-0.756802
-0.536	-0.755333
-0.532	-0.753787
-0.528	-0.752165
-0.524	-0.750467
-0.52	-0.748693
-0.516	-0.746843
-0.512	-0.744916
-0.508	-0.742914
-0.504	-0.740835
-0.5	-0.738681
-0.496	-0.73645
-0.492	-0.734144
-0.488	-0.731763
-0.484	-0.729306
-0.48	-0.726773
-0.476	-0.724166
-0.472	-0.721483
-0.468	-0.718726
-0.464	-0.715893
-0.46	-0.712987
-0.456	-0.710006
-0.452	-0.706951
-0.448	-0.703822
-0.444	-0.700619
-0.44	-0.697343
-0.436	-0.693994
-0.432	-0.690572
-0.428	-0.687077
-0.424	-0.68351
-0.42	-0.679871
-0.416	-0.676161
-0.412	-0.672378
-0.408	-0.668525
-0.404	-0.664601
-0.4	-0.660606
-0.396	-0.656542
-0.392	-0.652407
-0.388	-0.648203
-0.384	-0.64393
-0.38	-0.639589
-0.376	-0.635179
-0.372	-0.630702
-0.368	-0.626157
-0.364	-0.621545
-0.36	-0.616866
-0.356	-0.612122
-0.352	-0.607312
-0.348	-0.602436
-0.344	-0.597496
-0.34	-0.592492
-0.336	-0.587424
-0.332	-0.582292
-0.328	-0.577098
-0.324	-0.571841
-0.32	-0.566523
-0.316	-0.561144
-0.312	-0.555704
-0.308	-0.550204
-0.304	-0.544644
-0.3	-0.539025
-0.296	-0.533348
-0.292	-0.527613
-0.288	-0.521821
-0.284	-0.515972
-0.28	-0.510066
-0.276	-0.504106
-0.272	-0.49809
-0.268	-0.492021
-0.264	-0.485897
-0.26	-0.479721
-0.256	-0.473493
-0.252	-0.467212
-0.248	-0.460881
-0.244	-0.454499
-0.24	-0.448068
-0.236	-0.441588
-0.232	-0.435059
-0.228	-0.428483
-0.224	-0.42186
-0.22	-0.41519
-0.216	-0.408476
-0.212	-0.401716
-0.208	-0.394912
-0.204	-0.388065
-0.2	-0.381175
-0.196	-0.374244
-0.192	-0.367271
-0.188	-0.360258
-0.184	-0.353205
-0.18	-0.346114
-0.176	-0.338984
-0.172	-0.331817
-0.168	-0.324614
-0.164	-0.317375
-0.16	-0.310101
-0.156	-0.302792
-0.152	-0.29545
-0.148	-0.288076
-0.144	-0.28067
-0.14	-0.273233
-0.136	-0.265766
-0.132	-0.258269
-0.128	-0.250744
-0.124	-0.243191
-0.12	-0.235612
-0.116	-0.228006
-0.112	-0.220375
-0.108	-0.21272
-0.104	-0.205041
-0.1	-0.19734
-0.096	-0.189617
-0.092	-0.181872
-0.088	-0.174108
-0.084	-0.166324
-0.08	-0.158522
-0.076	-0.150703
-0.072	-0.142867
-0.068	-0.135015
-0.064	-0.127148
-0.06	-0.119267
-0.056	-0.111372
-0.052	-0.103466
-0.048	-0.0955475
-0.044	-0.0876188
-0.04	-0.0796804
-0.036	-0.0717332
-0.032	-0.063778
-0.028	-0.0558158
-0.024	-0.0478474
-0.02	-0.0398737
-0.016	-0.0318955
-0.012	-0.0239139
-0.008	-0.0159295
-0.004	-0.00794345
1.7486e-15	4.35149e-05
0.004	0.00803048
0.008	0.0160166
0.012	0.0240008
0.016	0.0319825
0.02	0.0399606
0.024	0.0479342
0.028	0.0559026
0.032	0.0638647
0.036	0.0718198
0.04	0.0797669
0.044	0.0877052
0.048	0.0956337
0.052	0.103552
0.056	0.111458
0.06	0.119352
0.064	0.127233
0.068	0.1351
0.072	0.142952
0.076	0.150788
0.08	0.158607
0.084	0.166409
0.088	0.174193
0.092	0.181957
0.096	0.189701
0.1	0.197424
0.104	0.205125
0.108	0.212803
0.112	0.220458
0.116	0.228089
0.12	0.235694
0.124	0.243273
0.128	0.250826
0.132	0.25835
0.136	0.265847
0.14	0.273314
0.144	0.28075
0.148	0.288156
0.152	0.29553
0.156	0.302871
0.16	0.310179
0.164	0.317453
0.168	0.324692
0.172	0.331895
0.176	0.339061
0.18	0.34619
0.184	0.353282
0.188	0.360334
0.192	0.367346
0.196	0.374319
0.2	0.38125
0.204	0.388139
0.208	0.394986
0.212	0.401789
0.216	0.408548
0.22	0.415262
0.224	0.421931
0.228	0.428554
0.232	0.43513
0.236	0.441658
0.24	0.448137
0.244	0.454568
0.248	0.460949
0.252	0.46728
0.256	0.47356
0.26	0.479788
0.264	0.485963
0.268	0.492086
0.272	0.498155
0.276	0.50417
0.28	0.51013
0.284	0.516035
0.288	0.521883
0.292	0.527675
0.296	0.533409
0.3	0.539086
0.304	0.544704
0.308	0.550263
0.312	0.555763
0.316	0.561202
0.32	0.566581
0.324	0.571899
0.328	0.577155
0.332	0.582348
0.336	0.587479
0.34	0.592546
0.344	0.59755
0.348	0.60249
0.352	0.607365
0.356	0.612174
0.36	0.616918
0.364	0.621596
0.368	0.626207
0.372	0.630752
0.376	0.635228
0.38	0.639638
0.384	0.643978
0.388	0.648251
0.392	0.652454
0.396	0.656588
0.4	0.660652
0.404	0.664646
0.408	0.668569
0.412	0.672422
0.416	0.676204
0.42	0.679914
0.424	0.683552
0.428	0.687119
0.432	0.690613
0.436	0.694034
0.44	0.697383
0.444	0.700658
0.448	0.70386
0.452	0.706988
0.456	0.710043
0.46	0.713023
0.464	0.715929
0.468	0.718761
0.472	0.721518
0.476	0.7242
0.48	0.726807
0.484	0.729339
0.488	0.731795
0.492	0.734176
0.496	0.736482
0.5	0.738711
0.504	0.740865
0.508	0.742943
0.512	0.744945
0.516	0.746871
0.52	0.748721
0.524	0.750495
0.528	0.752192
0.532	0.753813
0.536	0.755358
0.54	0.756827
0.544	0.758219
0.548	0.759535
0.552	0.760775
0.556	0.761939
0.56	0.763026
0.564	0.764038
0.568	0.764973
0.572	0.765832
0.576	0.766616
0.58	0.767323
0.584	0.767955
0.588	0.768512
0.592	0.768993
0.596	0.769398
0.6	0.769729
0.604	0.769984
0.608	0.770165
0.612	0.770271
0.616	0.770302
0.62	0.770259
0.624	0.770143
0.628	0.769952
0.632	0.769688
0.636	0.76935
0.64	0.768939
0.644	0.768456
0.648	0.7679
0.652	0.767272
0.656	0.766571
0.66	0.765799
0.664	0.764956
0.668	0.764041
0.672	0.763056
0.676	0.762
0.68	0.760875
0.684	0.75968
0.688	0.758415
0.692	0.757082
0.696	0.75568
0.7	0.754209
0.704	0.752672
0.708	0.751066
0.712	0.749394
0.716	0.747656
0.72	0.745852
0.724	0.743982
0.728	0.742047
0.732	0.740047
0.736	0.737983
0.74	0.735856
0.744	0.733666
0.748	0.731413
0.752	0.729097
0.756	0.726721
0.76	0.724283
0.764	0.721785
0.768	0.719227
0.772	0.716609
0.776	0.713933
0.78	0.711198
0.784	0.708406
0.788	0.705556
0.792	0.702651
0.796	0.699689
0.8	0.696672
0.804	0.693601
0.808	0.690475
0.812	0.687296
0.816	0.684064
0.82	0.680781
0.824	0.677445
0.828	0.67406
0.832	0.670624
0.836	0.667138
0.84	0.663604
0.844	0.660022
0.848	0.656392
0.852	0.652716
0.856	0.648994
0.86	0.645227
0.864	0.641415
0.868	0.637559
0.872	0.633661
0.876	0.62972
0.88	0.625737
0.884	0.621714
0.888	0.61765
0.892	0.613548
0.896	0.609406
0.9	0.605227
0.904	0.601011
0.908	0.596759
0.912	0.592471
0.916	0.588149
0.92	0.583792
0.924	0.579403
0.928	0.574981
0.932	0.570528
0.936	0.566044
0.94	0.56153
0.944	0.556988
0.948	0.552416
0.952	0.547818
0.956	0.543193
0.96	0.538542
0.964	0.533866
0.968	0.529166
0.972	0.524443
0.976	0.519697
0.98	0.514929
0.984	0.510141
0.988	0.505333
0.992	0.500506
0.996	0.49566
1	0.490797
1.004	0.485918
1.008	0.481023
1.012	0.476112
1.016	0.471188
1.02	0.466251
1.024	0.461301
1.028	0.45634
1.032	0.451369
1.036	0.446387
1.04	0.441397
1.044	0.436398
1.048	0.431393
1.052	0.426381
1.056	0.421364
1.06	0.416342
1.064	0.411316
1.068	0.406287
1.072	0.401256
1.076	0.396224
1.08	0.391192
1.084	0.38616
1.088	0.38113
1.092	0.376101
1.096	0.371076
1.1	0.366055
1.104	0.361038
1.108	0.356027
1.112	0.351022
1.116	0.346024
1.12	0.341035
1.124	0.336054
1.128	0.331084
1.132	0.326123
1.136	0.321174
1.14	0.316238
1.144	0.311314
1.148	0.306404
1.152	0.301509
1.156	0.296629
1.16	0.291765
1.164	0.286919
1.168	0.28209
1.172	0.27728
1.176	0.27249
1.18	0.267719
1.184	0.26297
1.188	0.258242
1.192	0.253537
1.196	0.248855
1.2	0.244198
1.204	0.239565
1.208	0.234958
1.212	0.230377
1.216	0.225823
1.22	0.221297
1.224	0.216799
1.228	0.212331
1.232	0.207893
1.236	0.203485
1.24	0.199109
1.244	0.194765
1.248	0.190454
1.252	0.186176
1.256	0.181933
1.26	0.177725
1.264	0.173552
1.268	0.169415
1.272	0.165315
1.276	0.161253
1.28	0.157229
1.284	0.153244
1.288	0.149298
1.292	0.145392
1.296	0.141527
1.3	0.137704
1.304	0.133922
1.308	0.130183
1.312	0.126487
1.316	0.122835
1.32	0.119227
1.324	0.115664
1.328	0.112146
1.332	0.108675
1.336	0.10525
1.34	0.101872
1.344	0.0985412
1.348	0.0952589
1.352	0.0920252
1.356	0.0888407
1.36	0.0857059
1.364	0.0826212
1.368	0.0795871
1.372	0.0766041
1.376	0.0736726
1.38	0.0707932
1.384	0.0679662
1.388	0.0651922
1.392	0.0624714
1.396	0.0598045
1.4	0.0571917
1.404	0.0546335
1.408	0.0521302
1.412	0.0496823
1.416	0.0472902
1.42	0.0449542
1.424	0.0426746
1.428	0.0404519
1.432	0.0382863
1.436	0.0361782
1.44	0.0341279
1.444	0.0321358
1.448	0.0302021
1.452	0.0283272
1.456	0.0265112
1.46	0.0247546
1.464	0.0230576
1.468	0.0214203
1.472	0.0198432
1.476	0.0183264
1.48	0.0168701
1.484	0.0154746
1.488	0.0141401
1.492	0.0128667
1.496	0.0116548
1.5	0.0105044
1.504	0.00941568
1.508	0.00838892
1.512	0.0074242
1.516	0.00652168
1.52	0.0056815
1.524	0.00490378
1.528	0.00418863
1.532	0.00353617
1.536	0.00294649
1.54	0.00241967
1.544	0.00195581
1.548	0.00155495
1.552	0.00121717
1.556	0.00094251
1.56	0.000731013
1.564	0.000582708
1.568	0.000497616
1.572	0.000475748
1.576	0.000517106
1.58	0.000621681
1.584	0.000789456
1.588	0.0010204
1.592	0.00131449
1.596	0.00167167
1.6	0.00209188
1.604	0.00257506
1.608	0.00312115
1.612	0.00373004
1.616	0.00440166
1.62	0.0051359
1.624	0.00593264
1.628	0.00679178
1.632	0.00771317
1.636	0.00869669
1.64	0.00974217
1.644	0.0108495
1.648	0.0120184
1.652	0.0132489
1.656	0.0145406
1.66	0.0158934
1.664	0.0173071
1.668	0.0187815
1.672	0.0203164
1.676	0.0219115
1.68	0.0235666
1.684	0.0252814
1.688	0.0270558
1.692	0.0288894
1.696	0.030782
1.7	0.0327332
1.704	0.0347429
1.708	0.0368107
1.712	0.0389362
1.716	0.0411193
1.72	0.0433595
1.724	0.0456566
1.728	0.0480102
1.732	0.0504199
1.736	0.0528854
1.74	0.0554064
1.744	0.0579824
1.748	0.0606131
1.752	0.0632982
1.756	0.0660372
1.76	0.0688297
1.764	0.0716753
1.768	0.0745736
1.772	0.0775242
1.776	0.0805267
1.78	0.0835805
1.784	0.0866854
1.788	0.0898408
1.792	0.0930462
1.796	0.0963013
1.8	0.0996055
1.804	0.102958
1.808	0.106359
1.812	0.109808
1.816	0.113304
1.82	0.116847
1.824	0.120435
1.828	0.12407
1.832	0.127749
1.836	0.131474
1.84	0.135242
1.844	0.139054
1.848	0.142909
1.852	0.146806
1.856	0.150745
1.86	0.154726
1.864	0.158747
1.868	0.162809
1.872	0.16691
1.876	0.17105
1.88	0.175229
1.884	0.179445
1.888	0.183699
1.892	0.187989
1.896	0.192316
1.9	0.196678
1.904	0.201075
1.908	0.205506
1.912	0.20997
1.916	0.214468
1.92	0.218998
1.924	0.22356
1.928	0.228152
1.932	0.232776
1.936	0.237429
1.94	0.242111
1.944	0.246821
1.948	0.251559
1.952	0.256325
1.956	0.261117
1.96	0.265935
1.964	0.270778
1.968	0.275645
1.972	0.280537
1.976	0.285451
1.98	0.290388
1.984	0.295347
1.988	0.300327
1.992	0.305327
1.996	0.310347


0	0	0
0	0.224399	0.423005
0	0.448799	0.704406
0	0.673198	0.762229
0	0.897598	0.607858
0	1.122	0.339224
0	1.3464	0.0965482
0	1.5708	7.4988e-33
0	1.7952	0.0965482
0	2.0196	0.339224
0	2.24399	0.607858
0	2.46839	0.762229
0	2.69279	0.704406
0	2.91719	0.423005
0	3.14159	2.44929e-16
0.224399	0	0.423005
0.224399	0.224399	0.704406
0.224399	0.448799	0.762229
0.224399	0.673198	0.607858
0.224399	0.897598	0.339224
0.224399	1.122	0.0965482
0.224399	1.3464	7.4988e-33
0.224399	1.5708	0.0965482
0.224399	1.7952	0.339224
0.224399	2.0196	0.607858
0.224399	2.24399	0.762229
0.224399	2.46839	0.704406
0.224399	2.69279	0.423005
0.224399	2.91719	2.44929e-16
0.224399	3.14159	-0.423005
0.448799	0	0.704406
0.448799	0.224399	0.762229
0.448799	0.448799	0.607858
0.448799	0.673198	0.339224
0.448799	0.897598	0.0965482
0.448799	1.122	7.4988e-33
0.448799	1.3464	0.0965482
0.448799	1.5708	0.339224
0.448799	1.7952	0.607858
0.448799	2.0196	0.762229
0.448799	2.24399	0.704406
0.448799	2.46839	0.423005
0.448799	2.69279	2.44929e-16
0.448799	2.91719	-0.423005
0.448799	3.14159	-0.704406
0.673198	0	0.762229
0.673198	0.224399	0.607858
0.673198	0.448799	0.339224
0.673198	0.673198	0.0965482
0.673198	0.897598	7.4988e-33
0.673198	1.122	0.0965482
0.673198	1.3464	0.339224
0.673198	1.5708	0.607858
0.673198	1.7952	0.762229
0.673198	2.0196	0.704406
0.673198	2.24399	0.423005
0.673198	2.46839	2.44929e-16
0.673198	2.69279	-0.423005
0.673198	2.91719	-0.704406
0.673198	3.14159	-0.762229
0.897598	0	0.607858
0.897598	0.224399	0.339224
0.897598	0.448799	0.0965482
0.897598	0.673198	7.4988e-33
0.897598	0.897598	0.0965482
0.897598	1.122	0.339224
0.897598	1.3464	0.607858
0.897598	1.5708	0.762229
0.897598	1.7952	0.704406
0.897598	2.0196	0.423005
0.897598	2.24399	2.44929e-16
0.897598	2.46839	-0.423005
0.897598	2.69279	-0.704406
0.897598	2.91719	-0.762229
0.897598	3.14159	-0.607858
1.122	0	0.339224
1.122	0.224399	0.0965482
1.122	0.448799	7.4988e-33
1.122	0.673198	0.0965482
1.122	0.897598	0.339224
1.122	1.122	0.607858
1.122	1.3464	0.762229
1.122	1.5708	0.704406
1.122	1.7952	0.423005
1.122	2.0196	2.44929e-16
1.122	2.24399	-0.423005
1.122	2.46839	-0.704406
1.122	2.69279	-0.762229
1.122	2.91719	-0.607858
1.122	3.14159	-0.339224
1.3464	0	0.0965482
1.3464	0.224399	7.4988e-33
1.3464	0.448799	0.0965482
1.3464	0.673198	0.339224
1.3464	0.897598	0.607858
1.3464	1.122	0.762229
1.3464	1.3464	0.704406
1.3464	1.5708	0.423005
1.3464	1.7952	2.44929e-16
1.3464	2.0196	-0.423005
1.3464	2.24399	-0.704406
1.3464	2.46839	-0.762229
1.3464	2.69279	-0.607858
1.3464	2.91719	-0.339224
1.3464	3.14159	-0.0965482
1.5708	0	7.4988e-33
1.5708	0.224399	0.0965482
1.5708	0.448799	0.339224
1.5708	0.673198	0.607858
1.5708	0.897598	0.762229
1.5708	1.122	0.704406
1.5708	1.3464	0.423005
1.5708	1.5708	2.44929e-16
1.5708	1.7952	-0.423005
1.5708	2.0196	-0.704406
1.5708	2.24399	-0.762229
1.5708	2.46839	-0.607858
1.5708	2.69279	-0.339224
1.5708	2.91719	-0.0965482
1.5708	3.14159	-6.74892e-32
1.7952	0	0.0965482
1.7952	0.224399	0.339224
1.7952	0.448799	0.607858
1.7952	0.673198	0.762229
1.7952	0.897598	0.704406
1.7952	1.122	0.423005
1.7952	1.3464	2.44929e-16
1.7952	1.5708	-0.423005
1.7952	1.7952	-0.704406
1.7952	2.0196	-0.762229
1.7952	2.24399	-0.607858
1.7952	2.46839	-0.339224
1.7952	2.69279	-0.0965482
1.7952	2.91719	-6.74892e-32
1.7952	3.14159	-0.0965482
2.0196	0	0.339224
2.0196	0.224399	0.607858
2.0196	0.448799	0.762229
2.0196	0.673198	0.704406
2.0196	0.897598	0.423005
2.0196	1.122	2.44929e-16
2.0196	1.3464	-0.423005
2.0196	1.5708	-0.704406
2.0196	1.7952	-0.762229
2.0196	2.0196	-0.607858
2.0196	2.24399	-0.339224
2.0196	2.46839	-0.0965482
2.0196	2.69279	-6.74892e-32
2.0196	2.91719	-0.0965482
2.0196	3.14159	-0.339224
2.24399	0	0.607858
2.24399	0.224399	0.762229
2.24399	0.448799	0.704406
2.24399	0.673198	0.423005
2.24399	0.897598	2.44929e-16
2.24399	1.122	-0.423005
2.24399	1.3464	-0.704406
2.24399	1.5708	-0.762229
2.24399	1.7952	-0.607858
2.24399	2.0196	-0.339224
2.24399	2.24399	-0.0965482
2.24399	2.46839	-6.74892e-32
2.24399	2.69279	-0.0965482
2.24399	2.91719	-0.339224
2.24399	3.14159	-0.607858
2.46839	0	0.762229
2.46839	0.224399	0.704406
2.46839	0.448799	0.423005
2.46839	0.673198	2.44929e-16
2.46839	0.897598	-0.423005
2.46839	1.122	-0.704406
2.46839	1.3464	-0.762229
2.46839	1.5708	-0.607858
2.46839	1.7952	-0.339224
2.46839	2.0196	-0.0965482
2.46839	2.24399	-6.74892e-32
2.46839	2.46839	-0.0965482
2.46839	2.69279	-0.339224
2.46839	2.91719	-0.607858
2.46839	3.14159	-0.762229
2.69279	0	0.704406
2.69279	0.224399	0.423005
2.69279	0.448799	2.44929e-16
2.69279	0.673198	-0.423005
2.69279	0.897598	-0.704406
2.69279	1.122	-0.762229
2.69279	1.3464	-0.607858
2.69279	1.5708	-0.339224
2.69279	1.7952	-0.0965482
2.69279	2.0196	-6.74892e-32
2.69279	2.24399	-0.0965482
2.69279	2.46839	-0.339224
2.69279	2.69279	-0.607858
2.69279	2.91719	-0.762229
2.69279	3.14159	-0.704406
2.91719	0	0.423005
2.91719	0.224399	2.44929e-16
2.91719	0.448799	-0.423005
2.91719	0.673198	-0.704406
2.91719	0.897598	-0.762229
2.91719	1.122	-0.607858
2.91719	1.3464	-0.339224
2.91719	1.5708	-0.0965482
2.91719	1.7952	-6.74892e-32
2.91719	2.0196	-0.0965482
2.91719	2.24399	-0.339224
2.91719	2.46839	-0.607858
2.91719	2.69279	-0.762229
2.91719	2.91719	-0.704406
2.91719	3.14159	-0.423005
3.14159	0	2.44929e-16
3.14159	0.224399	-0.423005
3.14159	0.448799	-0.704406
3.14159	0.673198	-0.762229
3.14159	0.897598	-0.607858
3.14159	1.122	-0.339224
3.14159	1.3464	-0.0965482
3.14159	1.5708	-6.74892e-32
3.14159	1.7952	-0.0965482
3.14159	2.0196	-0.339224
3.14159	2.24399	-0.607858
3.14159	2.46839	-0.762229
3.14159	2.69279	-0.704406
3.14159	2.91719	-0.423005
3.14159	3.14159	-4.89859e-16


0	0	0.0456875
0	0.165347	0.385178
0	0.330694	0.61703
0	0.496041	0.701352
0	0.661388	0.639824
0	0.826735	0.4808
0	0.992082	0.303413
0	1.15743	0.184798
0	1.32278	0.166828
0	1.48812	0.241349
0	1.65347	0.361778
0	1.81882	0.472058
0	1.98416	0.534334
0	2.14951	0.540772
0	2.31486	0.507626
0	2.4802	0.460246
0	2.64555	0.419724
0	2.8109	0.396899
0	2.97625	0.393215
0.165347	0	0.415428
0.165347	0.165347	0.678128
0.165347	0.330694	0.826649
0.165347	0.496041	0.820894
0.165347	0.661388	0.667792
0.165347	0.826735	0.428267
0.165347	0.992082	0.197867
0.165347	1.15743	0.0657568
0.165347	1.32278	0.0733287
0.165347	1.48812	0.197247
0.165347	1.65347	0.366969
0.165347	1.81882	0.504295
0.165347	1.98416	0.559841
0.165347	2.14951	0.527284
0.165347	2.31486	0.433504
0.165347	2.4802	0.316972
0.165347	2.64555	0.209098
0.165347	2.8109	0.126155
0.165347	2.97625	0.0708015
0.330694	0	0.588694
0.330694	0.165347	0.774503
0.330694	0.330694	0.847177
0.330694	0.496041	0.771849
0.330694	0.661388	0.563052
0.330694	0.826735	0.291309
0.330694	0.992082	0.0604298
0.330694	1.15743	-0.0386949
0.330694	1.32278	0.0268342
0.330694	1.48812	0.216084
0.330694	1.65347	0.438059
0.330694	1.81882	0.599307
0.330694	1.98416	0.64567
0.330694	2.14951	0.576451
0.330694	2.31486	0.430094
0.330694	2.4802	0.256935
0.330694	2.64555	0.0966905
0.330694	2.8109	-0.03066
0.330694	2.97625	-0.122286
0.496041	0	0.647337
0.496041	0.165347	0.739077
0.496041	0.330694	0.732424
0.496041	0.496041	0.606217
0.496041	0.661388	0.3847
0.496041	0.826735	0.140148
0.496041	0.992082	-0.0318308
0.496041	1.15743	-0.0570009
0.496041	1.32278	0.0773371
0.496041	1.48812	0.312944
0.496041	1.65347	0.549525
0.496041	1.81882	0.693972
0.496041	1.98416	0.700022
0.496041	2.14951	0.57814
0.496041	2.31486	0.377
0.496041	2.4802	0.153735
0.496041	2.64555	-0.0490215
0.496041	2.8109	-0.211278
0.496041	2.97625	-0.331672
0.661388	0	0.64586
0.661388	0.165347	0.627083
0.661388	0.330694	0.540818
0.661388	0.496041	0.387774
0.661388	0.661388	0.20191
0.661388	0.826735	0.0455496
0.661388	0.992082	-0.0145863
0.661388	1.15743	0.0583238
0.661388	1.32278	0.246368
0.661388	1.48812	0.479273
0.661388	1.65347	0.665264
0.661388	1.81882	0.732636
0.661388	1.98416	0.657848
0.661388	2.14951	0.466701
0.661388	2.31486	0.213246
0.661388	2.4802	-0.0474479
0.661388	2.64555	-0.277914
0.661388	2.8109	-0.463036
0.661388	2.97625	-0.604568
0.826735	0	0.566847
0.826735	0.165347	0.448214
0.826735	0.330694	0.305109
0.826735	0.496041	0.16308
0.826735	0.661388	0.0618732
0.826735	0.826735	0.0415856
0.826735	0.992082	0.123106
0.826735	1.15743	0.292301
0.826735	1.32278	0.498389
0.826735	1.48812	0.670474
0.826735	1.65347	0.745321
0.826735	1.81882	0.691832
0.826735	1.98416	0.519617
0.826735	2.14951	0.269069
0.826735	2.31486	-0.00905192
0.826735	2.4802	-0.272649
0.826735	2.64555	-0.497978
0.826735	2.8109	-0.679181
0.826735	2.97625	-0.821908
0.992082	0	0.398735
0.992082	0.165347	0.225777
0.992082	0.330694	0.0732382
0.992082	0.496041	-0.0140753
0.992082	0.661388	0.00131724
0.992082	0.826735	0.128786
0.992082	0.992082	0.338185
0.992082	1.15743	0.566286
0.992082	1.32278	0.739669
0.992082	1.48812	0.802679
0.992082	1.65347	0.736204
0.992082	1.81882	0.559068
0.992082	1.98416	0.314209
0.992082	2.14951	0.0491176
0.992082	2.31486	-0.199595
0.992082	2.4802	-0.412536
0.992082	2.64555	-0.585688
0.992082	2.8109	-0.724463
0.992082	2.97625	-0.837668
1.15743	0	0.215037
1.15743	0.165347	0.0480661
1.15743	0.330694	-0.0637832
1.15743	0.496041	-0.0695433
1.15743	0.661388	0.0561455
1.15743	0.826735	0.290564
1.15743	0.992082	0.562132
1.15743	1.15743	0.776824
1.15743	1.32278	0.859143
1.15743	1.48812	0.784033
1.15743	1.65347	0.581832
1.15743	1.81882	0.316437
1.15743	1.98416	0.0529008
1.15743	2.14951	-0.16658
1.15743	2.31486	-0.32907
1.15743	2.4802	-0.442942
1.15743	2.64555	-0.525001
1.15743	2.8109	-0.590608
1.15743	2.97625	-0.649528
1.32278	0	0.129872
1.32278	0.165347	0.0141261
1.32278	0.330694	-0.0297831
1.32278	0.496041	0.0401312
1.32278	0.661388	0.229543
1.32278	0.826735	0.489906
1.32278	0.992082	0.72852
1.32278	1.15743	0.847608
1.32278	1.32278	0.791942
1.32278	1.48812	0.575603
1.32278	1.65347	0.271376
1.32278	1.81882	-0.0286244
1.32278	1.98416	-0.255108
1.32278	2.14951	-0.383288
1.32278	2.31486	-0.428198
1.32278	2.4802	-0.424316
1.32278	2.64555	-0.405049
1.32278	2.8109	-0.391613
1.32278	2.97625	-0.391999
1.48812	0	0.19024
1.48812	0.165347	0.138273
1.48812	0.330694	0.157046
1.48812	0.496041	0.269185
1.48812	0.661388	0.458908
1.48812	0.826735	0.663124
1.48812	0.992082	0.790154
1.48812	1.15743	0.762261
1.48812	1.32278	0.558496
1.48812	1.48812	0.229699
1.48812	1.65347	-0.125471
1.48812	1.81882	-0.408295
1.48812	1.98416	-0.561887
1.48812	2.14951	-0.585223
1.48812	2.31486	-0.51823
1.48812	2.4802	-0.413666
1.48812	2.64555	-0.31374
1.48812	2.8109	-0.240447
1.48812	2.97625	-0.197945
1.65347	0	0.342368
1.65347	0.165347	0.334934
1.65347	0.330694	0.386379
1.65347	0.496041	0.498369
1.65347	0.661388	0.638442
1.65347	0.826735	0.74105
1.65347	0.992082	0.731094
1.65347	1.15743	0.562281
1.65347	1.32278	0.248148
1.65347	1.48812	-0.136314
1.65347	1.65347	-0.486588
1.65347	1.81882	-0.715595
1.65347	1.98416	-0.787924
1.65347	2.14951	-0.724389
1.65347	2.31486	-0.580447
1.65347	2.4802	-0.416009
1.65347	2.64555	-0.273646
1.65347	2.8109	-0.171978
1.65347	2.97625	-0.110781
1.81882	0	0.492609
1.81882	0.165347	0.491786
1.81882	0.330694	0.536469
1.81882	0.496041	0.613749
1.81882	0.661388	0.683454
1.81882	0.826735	0.686769
1.81882	0.992082	0.570489
1.81882	1.15743	0.317187
1.81882	1.32278	-0.0368139
1.81882	1.48812	-0.41001
1.81882	1.65347	-0.709075
1.81882	1.81882	-0.868534
1.81882	1.98416	-0.874358
1.81882	2.14951	-0.760765
1.81882	2.31486	-0.586755
1.81882	2.4802	-0.40875
1.81882	2.64555	-0.263186
1.81882	2.8109	-0.163193
1.81882	2.97625	-0.105058
1.98416	0	0.579616
1.98416	0.165347	0.545355
1.98416	0.330694	0.548481
1.98416	0.496041	0.571552
1.98416	0.661388	0.575973
1.98416	0.826735	0.514243
1.98416	0.992082	0.351804
1.98416	1.15743	0.088648
1.98416	1.32278	-0.232642
1.98416	1.48812	-0.540102
1.98416	1.65347	-0.761724
1.98416	1.81882	-0.85506
1.98416	1.98416	-0.821095
1.98416	2.14951	-0.696951
1.98416	2.31486	-0.534809
1.98416	2.4802	-0.380335
1.98416	2.64555	-0.260522
1.98416	2.8109	-0.182908
1.98416	2.97625	-0.141925
2.14951	0	0.597195
2.14951	0.165347	0.500127
2.14951	0.330694	0.439855
2.14951	0.496041	0.403358
2.14951	0.661388	0.360071
2.14951	0.826735	0.27415
2.14951	0.992082	0.122404
2.14951	1.15743	-0.0907585
2.14951	1.32278	-0.330513
2.14951	1.48812	-0.544301
2.14951	1.65347	-0.684127
2.14951	1.81882	-0.726423
2.14951	1.98416	-0.679141
2.14951	2.14951	-0.573992
2.14951	2.31486	-0.450317
2.14951	2.4802	-0.340134
2.14951	2.64555	-0.260677
2.14951	2.8109	-0.215007
2.14951	2.97625	-0.197244
2.31486	0	0.574144
2.31486	0.165347	0.400652
2.31486	0.330694	0.269565
2.31486	0.496041	0.177446
2.31486	0.661388	0.104273
2.31486	0.826735	0.0235626
2.31486	0.992082	-0.0836398
2.31486	1.15743	-0.217878
2.31486	1.32278	-0.359696
2.31486	1.48812	-0.478658
2.31486	1.65347	-0.548087
2.31486	1.81882	-0.557271
2.31486	1.98416	-0.51489
2.31486	2.14951	-0.443129
2.31486	2.31486	-0.367165
2.31486	2.4802	-0.306095
2.31486	2.64555	-0.268965
2.31486	2.8109	-0.255822
2.31486	2.97625	-0.261424
2.4802	0	0.544423
2.4802	0.165347	0.294375
2.4802	0.330694	0.0957766
2.4802	0.496041	-0.0439784
2.4802	0.661388	-0.135041
2.4802	0.826735	-0.197725
2.4802	0.992082	-0.251586
2.4802	1.15743	-0.306376
2.4802	1.32278	-0.359341
2.4802	1.48812	-0.399671
2.4802	1.65347	-0.41684
2.4802	1.81882	-0.40766
2.4802	1.98416	-0.378318
2.4802	2.14951	-0.341199
2.4802	2.31486	-0.309264
2.4802	2.4802	-0.291416
2.4802	2.64555	-0.290752
2.4802	2.8109	-0.305533
2.4802	2.97625	-0.331445
2.64555	0	0.529428
2.64555	0.165347	0.210257
2.64555	0.330694	-0.0474084
2.64555	0.496041	-0.22659
2.64555	0.661388	-0.329848
2.64555	0.826735	-0.374224
2.64555	0.992082	-0.382226
2.64555	1.15743	-0.373167
2.64555	1.32278	-0.358503
2.64555	1.48812	-0.342254
2.64555	1.65347	-0.324771
2.64555	1.81882	-0.30676
2.64555	1.98416	-0.291165
2.64555	2.14951	-0.28249
2.64555	2.31486	-0.284777
2.64555	2.4802	-0.299892
2.64555	2.64555	-0.327056
2.64555	2.8109	-0.363531
2.64555	2.97625	-0.405791
2.8109	0	0.535327
2.8109	0.165347	0.156418
2.8109	0.330694	-0.151293
2.8109	0.496041	-0.363362
2.8109	0.661388	-0.477248
2.8109	0.826735	-0.508821
2.8109	0.992082	-0.484214
2.8109	1.15743	-0.430772
2.8109	1.32278	-0.370479
2.8109	1.48812	-0.317429
2.8109	1.65347	-0.278719
2.8109	1.81882	-0.256909
2.8109	1.98416	-0.252248
2.8109	2.14951	-0.26385
2.8109	2.31486	-0.289994
2.8109	2.4802	-0.328156
2.8109	2.64555	-0.3752
2.8109	2.8109	-0.427806
2.8109	2.97625	-0.482928
2.97625	0	0.558605
2.97625	0.165347	0.12801
2.97625	0.330694	-0.222513
2.97625	0.496041	-0.462979
2.97625	0.661388	-0.58771
2.97625	0.826735	-0.612683
2.97625	0.992082	-0.567542
2.97625	1.15743	-0.485818
2.97625	1.32278	-0.396804
2.97625	1.48812	-0.321078
2.97625	1.65347	-0.269774
2.97625	1.81882	-0.246346
2.97625	1.98416	-0.249223
2.97625	2.14951	-0.274212
2.97625	2.31486	-0.316166
2.97625	2.4802	-0.369979
2.97625	2.64555	-0.431112
2.97625	2.8109	-0.495841
2.97625	2.97625	-0.561315
